899
612.0 818.0
887.0 645.0
399.0 950.0
754.0 558.0
870.0 857.0
873.0 718.0
887.0 9.0
246.0 408.0
911.0 530.0
684.0 131.0
240.0 733.0
615.0 386.0
201.0 613.0
237.0 300.0
82.0 874.0
768.0 964.0
11.0 127.0
729.0 420.0
664.0 333.0
938.0 626.0
299.0 51.0
511.0 597.0
942.0 525.0
290.0 24.0
563.0 233.0
914.0 996.0
74.0 473.0
280.0 253.0
198.0 738.0
838.0 995.0
556.0 371.0
164.0 320.0
793.0 729.0
496.0 545.0
159.0 711.0
857.0 862.0
724.0 275.0
217.0 11.0
464.0 980.0
276.0 393.0
80.0 495.0
217.0 47.0
652.0 849.0
708.0 865.0
857.0 863.0
149.0 107.0
323.0 457.0
753.0 375.0
771.0 509.0
810.0 786.0
897.0 815.0
38.0 364.0
983.0 822.0
25.0 926.0
313.0 802.0
880.0 726.0
916.0 186.0
315.0 598.0
306.0 698.0
702.0 987.0
7.0 57.0
941.0 897.0
436.0 56.0
921.0 868.0
245.0 422.0
67.0 697.0
425.0 289.0
851.0 139.0
630.0 80.0
293.0 609.0
854.0 547.0
233.0 332.0
394.0 460.0
806.0 775.0
857.0 214.0
307.0 879.0
949.0 395.0
970.0 90.0
538.0 205.0
720.0 684.0
492.0 50.0
669.0 252.0
12.0 706.0
989.0 517.0
846.0 980.0
472.0 328.0
138.0 204.0
92.0 895.0
165.0 210.0
933.0 292.0
108.0 404.0
303.0 568.0
261.0 907.0
96.0 408.0
705.0 978.0
4.0 882.0
242.0 139.0
557.0 365.0
973.0 773.0
631.0 438.0
427.0 952.0
558.0 887.0
514.0 664.0
981.0 194.0
219.0 991.0
668.0 947.0
416.0 445.0
29.0 779.0
556.0 467.0
595.0 145.0
342.0 150.0
671.0 379.0
75.0 150.0
80.0 858.0
632.0 502.0
486.0 187.0
97.0 30.0
772.0 626.0
497.0 259.0
304.0 201.0
542.0 513.0
895.0 967.0
728.0 879.0
922.0 875.0
222.0 640.0
119.0 231.0
364.0 2.0
814.0 42.0
229.0 495.0
513.0 838.0
258.0 977.0
990.0 0.0
148.0 715.0
148.0 21.0
659.0 186.0
728.0 857.0
451.0 378.0
603.0 955.0
160.0 301.0
249.0 165.0
703.0 118.0
497.0 176.0
312.0 692.0
972.0 716.0
427.0 946.0
628.0 348.0
206.0 675.0
562.0 0.0
752.0 98.0
940.0 524.0
837.0 920.0
129.0 166.0
871.0 503.0
402.0 517.0
821.0 931.0
391.0 109.0
714.0 936.0
955.0 318.0
45.0 303.0
398.0 660.0
185.0 810.0
853.0 34.0
520.0 791.0
79.0 120.0
953.0 441.0
406.0 523.0
594.0 409.0
217.0 899.0
924.0 380.0
722.0 416.0
282.0 286.0
968.0 646.0
109.0 108.0
763.0 951.0
608.0 95.0
672.0 343.0
674.0 852.0
832.0 587.0
445.0 121.0
217.0 419.0
34.0 202.0
64.0 134.0
767.0 961.0
953.0 693.0
423.0 828.0
254.0 416.0
356.0 536.0
976.0 540.0
859.0 972.0
884.0 590.0
435.0 24.0
917.0 521.0
876.0 164.0
986.0 99.0
505.0 837.0
83.0 205.0
217.0 634.0
846.0 522.0
671.0 445.0
424.0 807.0
132.0 781.0
906.0 304.0
462.0 160.0
714.0 860.0
799.0 725.0
938.0 982.0
677.0 359.0
242.0 21.0
769.0 78.0
245.0 901.0
326.0 280.0
186.0 204.0
616.0 533.0
490.0 881.0
519.0 352.0
144.0 742.0
518.0 849.0
122.0 950.0
540.0 919.0
315.0 401.0
551.0 555.0
50.0 453.0
151.0 607.0
258.0 407.0
334.0 606.0
423.0 663.0
146.0 941.0
802.0 521.0
701.0 327.0
961.0 472.0
554.0 878.0
758.0 997.0
227.0 501.0
706.0 245.0
19.0 307.0
526.0 600.0
973.0 601.0
478.0 446.0
648.0 485.0
827.0 884.0
479.0 287.0
939.0 564.0
409.0 56.0
102.0 19.0
546.0 603.0
208.0 907.0
916.0 884.0
294.0 153.0
502.0 796.0
847.0 673.0
86.0 263.0
280.0 517.0
374.0 932.0
900.0 997.0
225.0 267.0
159.0 360.0
537.0 734.0
69.0 136.0
174.0 558.0
203.0 364.0
52.0 214.0
665.0 79.0
354.0 260.0
987.0 389.0
866.0 84.0
571.0 822.0
330.0 183.0
741.0 771.0
438.0 400.0
471.0 941.0
616.0 167.0
50.0 638.0
870.0 583.0
481.0 127.0
957.0 114.0
973.0 304.0
199.0 356.0
978.0 806.0
15.0 604.0
426.0 974.0
869.0 719.0
884.0 464.0
666.0 23.0
505.0 903.0
313.0 697.0
835.0 36.0
504.0 333.0
105.0 898.0
810.0 86.0
67.0 733.0
451.0 584.0
239.0 276.0
503.0 41.0
166.0 365.0
903.0 704.0
615.0 951.0
25.0 282.0
37.0 395.0
987.0 100.0
151.0 332.0
11.0 699.0
268.0 237.0
566.0 999.0
736.0 938.0
819.0 462.0
64.0 910.0
83.0 324.0
982.0 763.0
88.0 488.0
193.0 497.0
247.0 682.0
949.0 925.0
67.0 225.0
186.0 211.0
464.0 169.0
652.0 334.0
728.0 65.0
118.0 188.0
317.0 955.0
987.0 583.0
692.0 836.0
747.0 238.0
514.0 147.0
814.0 106.0
846.0 263.0
984.0 828.0
586.0 496.0
577.0 212.0
319.0 664.0
775.0 180.0
149.0 203.0
611.0 27.0
772.0 313.0
29.0 797.0
314.0 228.0
949.0 815.0
921.0 156.0
431.0 273.0
803.0 184.0
90.0 709.0
749.0 680.0
709.0 483.0
181.0 662.0
446.0 143.0
450.0 546.0
769.0 234.0
287.0 908.0
529.0 716.0
651.0 660.0
54.0 740.0
400.0 86.0
355.0 470.0
693.0 362.0
458.0 859.0
794.0 591.0
71.0 47.0
8.0 848.0
6.0 627.0
27.0 814.0
554.0 866.0
758.0 428.0
498.0 297.0
641.0 130.0
730.0 560.0
288.0 185.0
124.0 165.0
419.0 134.0
241.0 535.0
933.0 114.0
592.0 872.0
892.0 789.0
952.0 20.0
909.0 794.0
406.0 558.0
897.0 150.0
46.0 466.0
599.0 162.0
712.0 549.0
407.0 808.0
185.0 880.0
233.0 563.0
779.0 436.0
328.0 847.0
10.0 903.0
798.0 767.0
995.0 868.0
220.0 205.0
299.0 809.0
558.0 172.0
921.0 914.0
394.0 513.0
785.0 819.0
179.0 192.0
590.0 322.0
550.0 707.0
539.0 499.0
400.0 301.0
311.0 205.0
954.0 965.0
459.0 842.0
802.0 334.0
976.0 812.0
119.0 75.0
754.0 426.0
609.0 640.0
731.0 178.0
218.0 603.0
741.0 472.0
53.0 577.0
312.0 877.0
497.0 350.0
84.0 427.0
162.0 676.0
148.0 636.0
973.0 676.0
791.0 34.0
54.0 323.0
196.0 282.0
24.0 507.0
689.0 306.0
936.0 587.0
912.0 961.0
262.0 129.0
799.0 318.0
72.0 867.0
186.0 160.0
21.0 893.0
119.0 868.0
915.0 100.0
558.0 661.0
182.0 897.0
467.0 638.0
230.0 98.0
218.0 779.0
683.0 674.0
245.0 174.0
896.0 233.0
85.0 45.0
209.0 486.0
338.0 472.0
506.0 584.0
145.0 560.0
885.0 628.0
841.0 587.0
992.0 249.0
466.0 628.0
521.0 47.0
227.0 200.0
486.0 118.0
950.0 971.0
109.0 379.0
306.0 129.0
357.0 901.0
452.0 848.0
152.0 678.0
868.0 114.0
653.0 29.0
279.0 121.0
974.0 296.0
798.0 931.0
867.0 862.0
994.0 334.0
856.0 682.0
242.0 764.0
226.0 644.0
540.0 503.0
218.0 218.0
756.0 896.0
11.0 788.0
299.0 368.0
286.0 525.0
142.0 74.0
119.0 453.0
154.0 512.0
75.0 916.0
817.0 113.0
432.0 712.0
252.0 501.0
578.0 567.0
910.0 559.0
214.0 376.0
864.0 873.0
92.0 708.0
134.0 518.0
758.0 658.0
581.0 120.0
159.0 240.0
799.0 129.0
154.0 678.0
621.0 567.0
312.0 836.0
431.0 17.0
141.0 947.0
11.0 998.0
72.0 489.0
8.0 149.0
261.0 670.0
358.0 638.0
753.0 132.0
461.0 456.0
722.0 515.0
382.0 564.0
944.0 754.0
193.0 6.0
83.0 730.0
188.0 11.0
826.0 596.0
380.0 502.0
453.0 731.0
275.0 37.0
480.0 980.0
263.0 1.0
597.0 226.0
555.0 275.0
141.0 638.0
868.0 369.0
874.0 611.0
818.0 703.0
20.0 231.0
273.0 435.0
318.0 262.0
355.0 569.0
988.0 249.0
299.0 717.0
156.0 596.0
337.0 167.0
390.0 429.0
805.0 167.0
584.0 535.0
850.0 234.0
899.0 702.0
752.0 822.0
220.0 429.0
285.0 575.0
936.0 644.0
362.0 908.0
103.0 302.0
854.0 11.0
443.0 662.0
321.0 297.0
693.0 161.0
367.0 710.0
284.0 742.0
95.0 901.0
476.0 842.0
86.0 793.0
135.0 265.0
29.0 562.0
10.0 63.0
972.0 39.0
567.0 164.0
513.0 798.0
626.0 485.0
449.0 375.0
866.0 519.0
506.0 238.0
958.0 863.0
611.0 183.0
513.0 109.0
504.0 508.0
91.0 935.0
669.0 794.0
574.0 402.0
798.0 314.0
338.0 563.0
418.0 571.0
765.0 859.0
474.0 276.0
195.0 553.0
993.0 223.0
141.0 9.0
945.0 362.0
497.0 330.0
815.0 159.0
134.0 846.0
893.0 554.0
490.0 450.0
83.0 539.0
387.0 133.0
689.0 961.0
646.0 166.0
578.0 119.0
559.0 797.0
984.0 83.0
261.0 44.0
745.0 841.0
369.0 799.0
939.0 374.0
483.0 486.0
337.0 104.0
641.0 803.0
906.0 59.0
37.0 822.0
50.0 326.0
66.0 487.0
87.0 836.0
323.0 11.0
586.0 87.0
264.0 271.0
224.0 671.0
46.0 75.0
949.0 599.0
49.0 461.0
308.0 896.0
800.0 470.0
708.0 248.0
78.0 922.0
202.0 818.0
88.0 585.0
343.0 681.0
976.0 866.0
407.0 807.0
677.0 791.0
422.0 199.0
133.0 964.0
350.0 323.0
400.0 553.0
617.0 423.0
522.0 479.0
607.0 492.0
132.0 879.0
581.0 673.0
864.0 118.0
874.0 652.0
623.0 125.0
343.0 174.0
648.0 380.0
699.0 949.0
472.0 23.0
336.0 435.0
97.0 944.0
773.0 3.0
881.0 588.0
569.0 428.0
751.0 650.0
537.0 478.0
635.0 469.0
910.0 721.0
667.0 835.0
38.0 308.0
78.0 623.0
133.0 563.0
999.0 953.0
79.0 890.0
552.0 5.0
317.0 255.0
344.0 304.0
642.0 348.0
523.0 278.0
793.0 137.0
364.0 529.0
69.0 920.0
849.0 644.0
92.0 618.0
91.0 582.0
257.0 831.0
121.0 322.0
997.0 891.0
48.0 563.0
433.0 36.0
785.0 813.0
122.0 431.0
103.0 919.0
897.0 162.0
291.0 236.0
654.0 452.0
574.0 456.0
193.0 65.0
194.0 536.0
468.0 898.0
653.0 722.0
144.0 865.0
868.0 164.0
971.0 961.0
616.0 328.0
403.0 236.0
39.0 165.0
698.0 223.0
441.0 209.0
693.0 928.0
413.0 66.0
954.0 728.0
576.0 92.0
246.0 411.0
818.0 388.0
241.0 563.0
981.0 955.0
255.0 605.0
154.0 399.0
571.0 243.0
298.0 427.0
962.0 736.0
773.0 127.0
769.0 627.0
795.0 18.0
347.0 715.0
741.0 515.0
779.0 200.0
199.0 416.0
59.0 458.0
508.0 69.0
119.0 635.0
950.0 350.0
937.0 631.0
729.0 736.0
42.0 676.0
586.0 449.0
841.0 580.0
73.0 352.0
515.0 39.0
992.0 791.0
535.0 334.0
999.0 365.0
668.0 42.0
662.0 0.0
82.0 755.0
126.0 999.0
554.0 797.0
284.0 526.0
51.0 148.0
131.0 595.0
130.0 320.0
973.0 933.0
21.0 699.0
589.0 284.0
60.0 863.0
820.0 867.0
180.0 470.0
167.0 506.0
273.0 57.0
769.0 336.0
32.0 721.0
690.0 798.0
871.0 308.0
556.0 279.0
825.0 47.0
565.0 59.0
569.0 851.0
438.0 755.0
26.0 634.0
519.0 518.0
408.0 536.0
276.0 890.0
543.0 246.0
881.0 223.0
759.0 137.0
453.0 141.0
120.0 665.0
934.0 998.0
528.0 950.0
297.0 653.0
174.0 789.0
163.0 477.0
898.0 953.0
922.0 639.0
443.0 596.0
657.0 620.0
188.0 676.0
876.0 465.0
644.0 3.0
544.0 32.0
512.0 582.0
325.0 474.0
440.0 279.0
28.0 882.0
35.0 598.0
399.0 157.0
735.0 346.0
705.0 870.0
641.0 501.0
828.0 750.0
493.0 150.0
376.0 384.0
787.0 120.0
886.0 626.0
126.0 440.0
586.0 184.0
826.0 772.0
414.0 907.0
697.0 326.0
257.0 335.0
642.0 648.0
739.0 890.0
192.0 369.0
971.0 927.0
418.0 349.0
680.0 651.0
524.0 179.0
328.0 839.0
57.0 25.0
104.0 379.0
330.0 42.0
481.0 196.0
368.0 407.0
555.0 85.0
402.0 163.0
865.0 521.0
931.0 535.0
737.0 0.0
612.0 71.0
197.0 415.0
113.0 604.0
587.0 106.0
203.0 600.0
477.0 653.0
410.0 849.0
942.0 232.0
340.0 980.0
682.0 520.0
734.0 987.0
377.0 978.0
341.0 745.0
368.0 515.0
993.0 769.0
731.0 348.0
544.0 567.0
219.0 681.0
683.0 694.0
968.0 655.0
879.0 233.0
747.0 797.0
314.0 173.0
131.0 852.0
887.0 763.0
906.0 944.0
32.0 620.0
587.0 73.0
623.0 821.0
170.0 531.0
97.0 633.0
759.0 960.0
63.0 454.0
369.0 48.0
315.0 151.0
499.0 215.0
507.0 713.0
814.0 436.0
53.0 522.0
979.0 722.0
992.0 379.0
563.0 192.0
658.0 126.0
261.0 299.0
491.0 370.0
51.0 979.0
893.0 459.0
385.0 346.0
527.0 679.0
354.0 433.0
524.0 955.0
393.0 453.0
989.0 860.0
162.0 383.0
776.0 242.0
579.0 513.0
698.0 463.0
426.0 251.0
344.0 949.0
564.0 958.0
630.0 652.0
70.0 832.0
163.0 995.0
580.0 838.0
681.0 703.0
300.0 840.0
364.0 415.0
582.0 709.0
199.0 383.0
58.0 55.0
213.0 283.0
582.0 610.0
898.0 203.0
971.0 902.0
751.0 589.0
987.0 388.0
372.0 81.0
825.0 638.0
565.0 565.0
68.0 198.0
836.0 361.0
713.0 616.0
511.0 253.0
661.0 524.0
821.0 150.0
76.0 307.0
930.0 319.0
393.0 907.0
364.0 916.0
898.0 565.0
386.0 618.0
374.0 812.0
392.0 939.0
822.0 200.0
945.0 213.0
662.0 264.0
274.0 906.0
263.0 463.0
759.0 826.0
34.0 5.0