940
309.0 79.0
103.0 906.0
427.0 753.0
928.0 382.0
558.0 806.0
890.0 742.0
802.0 809.0
44.0 346.0
54.0 914.0
514.0 379.0
778.0 574.0
300.0 413.0
432.0 847.0
357.0 775.0
335.0 407.0
994.0 912.0
817.0 813.0
786.0 320.0
295.0 514.0
21.0 392.0
683.0 427.0
501.0 831.0
138.0 411.0
425.0 178.0
924.0 339.0
657.0 478.0
580.0 49.0
491.0 605.0
755.0 331.0
356.0 107.0
977.0 294.0
306.0 300.0
979.0 648.0
30.0 461.0
200.0 557.0
527.0 323.0
325.0 906.0
105.0 755.0
209.0 924.0
877.0 527.0
490.0 844.0
90.0 818.0
630.0 25.0
897.0 505.0
646.0 290.0
198.0 813.0
749.0 927.0
674.0 521.0
374.0 138.0
757.0 156.0
315.0 592.0
793.0 476.0
938.0 486.0
787.0 448.0
34.0 921.0
330.0 831.0
643.0 606.0
881.0 154.0
315.0 667.0
625.0 859.0
165.0 960.0
807.0 889.0
788.0 965.0
694.0 449.0
590.0 10.0
157.0 674.0
500.0 389.0
329.0 333.0
757.0 507.0
189.0 880.0
953.0 798.0
685.0 157.0
835.0 383.0
755.0 123.0
688.0 905.0
608.0 169.0
525.0 634.0
412.0 722.0
709.0 6.0
881.0 794.0
375.0 841.0
330.0 371.0
654.0 537.0
833.0 156.0
538.0 814.0
605.0 231.0
459.0 727.0
50.0 694.0
878.0 411.0
307.0 521.0
449.0 688.0
322.0 118.0
728.0 35.0
800.0 301.0
498.0 276.0
977.0 167.0
133.0 653.0
102.0 755.0
309.0 352.0
430.0 164.0
796.0 210.0
502.0 474.0
500.0 952.0
341.0 516.0
888.0 764.0
933.0 95.0
24.0 148.0
379.0 326.0
163.0 783.0
928.0 918.0
623.0 277.0
632.0 884.0
236.0 434.0
63.0 173.0
654.0 158.0
427.0 153.0
617.0 788.0
557.0 13.0
487.0 181.0
921.0 996.0
477.0 281.0
365.0 450.0
572.0 961.0
391.0 741.0
435.0 107.0
942.0 856.0
217.0 851.0
882.0 333.0
88.0 27.0
408.0 974.0
149.0 727.0
206.0 759.0
20.0 135.0
533.0 572.0
945.0 266.0
364.0 747.0
793.0 987.0
344.0 814.0
791.0 459.0
985.0 127.0
666.0 291.0
504.0 928.0
179.0 219.0
765.0 350.0
357.0 92.0
653.0 809.0
573.0 31.0
57.0 563.0
897.0 120.0
906.0 490.0
101.0 90.0
80.0 612.0
752.0 744.0
769.0 862.0
773.0 45.0
982.0 881.0
286.0 665.0
337.0 105.0
122.0 73.0
67.0 163.0
255.0 650.0
163.0 667.0
259.0 209.0
505.0 671.0
860.0 610.0
928.0 140.0
712.0 43.0
185.0 827.0
414.0 44.0
876.0 815.0
371.0 13.0
666.0 13.0
985.0 747.0
262.0 241.0
882.0 985.0
466.0 473.0
930.0 640.0
301.0 144.0
866.0 611.0
394.0 313.0
657.0 361.0
660.0 766.0
349.0 231.0
181.0 540.0
607.0 481.0
542.0 588.0
541.0 901.0
737.0 225.0
457.0 453.0
162.0 529.0
222.0 599.0
148.0 915.0
666.0 250.0
231.0 627.0
935.0 415.0
991.0 500.0
92.0 250.0
217.0 19.0
49.0 803.0
622.0 907.0
103.0 870.0
74.0 403.0
206.0 427.0
134.0 200.0
600.0 330.0
249.0 824.0
514.0 415.0
285.0 365.0
139.0 429.0
454.0 201.0
333.0 723.0
509.0 292.0
681.0 968.0
803.0 512.0
943.0 604.0
441.0 773.0
171.0 20.0
260.0 318.0
394.0 785.0
302.0 766.0
972.0 702.0
743.0 984.0
796.0 541.0
827.0 571.0
834.0 757.0
693.0 390.0
129.0 241.0
457.0 949.0
292.0 64.0
902.0 656.0
844.0 580.0
370.0 348.0
549.0 449.0
776.0 57.0
711.0 988.0
733.0 264.0
239.0 830.0
905.0 614.0
501.0 92.0
544.0 569.0
273.0 852.0
704.0 861.0
119.0 606.0
940.0 572.0
225.0 92.0
551.0 40.0
995.0 824.0
773.0 534.0
690.0 713.0
795.0 873.0
262.0 169.0
191.0 608.0
639.0 741.0
130.0 765.0
691.0 562.0
49.0 483.0
189.0 849.0
251.0 563.0
314.0 598.0
453.0 683.0
444.0 763.0
529.0 516.0
705.0 124.0
653.0 590.0
422.0 591.0
136.0 402.0
277.0 858.0
271.0 452.0
31.0 672.0
862.0 803.0
546.0 777.0
474.0 758.0
970.0 933.0
947.0 580.0
790.0 877.0
718.0 304.0
26.0 63.0
816.0 991.0
682.0 852.0
648.0 504.0
342.0 791.0
139.0 984.0
584.0 756.0
531.0 910.0
954.0 938.0
49.0 641.0
941.0 238.0
7.0 180.0
509.0 478.0
202.0 771.0
256.0 247.0
669.0 558.0
573.0 692.0
193.0 287.0
897.0 139.0
136.0 8.0
52.0 853.0
729.0 254.0
74.0 658.0
413.0 36.0
398.0 655.0
472.0 150.0
409.0 990.0
443.0 931.0
752.0 423.0
455.0 669.0
164.0 48.0
20.0 529.0
738.0 54.0
879.0 581.0
506.0 559.0
818.0 531.0
357.0 630.0
29.0 737.0
272.0 226.0
746.0 337.0
102.0 540.0
782.0 980.0
177.0 923.0
411.0 422.0
120.0 949.0
259.0 566.0
357.0 356.0
439.0 301.0
173.0 610.0
78.0 576.0
298.0 555.0
745.0 611.0
894.0 502.0
43.0 60.0
405.0 615.0
925.0 209.0
981.0 316.0
487.0 152.0
538.0 562.0
35.0 457.0
330.0 163.0
324.0 25.0
799.0 606.0
612.0 190.0
531.0 804.0
970.0 410.0
549.0 42.0
242.0 790.0
953.0 984.0
479.0 468.0
174.0 837.0
724.0 361.0
385.0 148.0
464.0 13.0
184.0 631.0
87.0 648.0
616.0 262.0
749.0 899.0
951.0 564.0
597.0 568.0
430.0 95.0
144.0 184.0
758.0 986.0
874.0 775.0
620.0 608.0
526.0 717.0
855.0 263.0
545.0 555.0
469.0 383.0
60.0 472.0
853.0 454.0
635.0 744.0
480.0 113.0
554.0 344.0
113.0 472.0
31.0 120.0
995.0 287.0
235.0 885.0
738.0 197.0
635.0 914.0
929.0 11.0
291.0 506.0
675.0 522.0
137.0 237.0
461.0 265.0
431.0 789.0
376.0 786.0
362.0 803.0
476.0 16.0
672.0 99.0
824.0 256.0
510.0 153.0
7.0 960.0
895.0 974.0
284.0 536.0
561.0 355.0
286.0 124.0
786.0 297.0
414.0 411.0
512.0 122.0
637.0 663.0
653.0 991.0
667.0 129.0
441.0 399.0
122.0 832.0
26.0 433.0
289.0 550.0
854.0 583.0
212.0 719.0
785.0 263.0
441.0 263.0
322.0 326.0
477.0 335.0
167.0 771.0
277.0 788.0
25.0 838.0
889.0 412.0
587.0 851.0
882.0 229.0
132.0 959.0
252.0 580.0
908.0 630.0
335.0 263.0
459.0 214.0
200.0 376.0
836.0 675.0
572.0 974.0
928.0 64.0
132.0 513.0
223.0 223.0
691.0 138.0
554.0 421.0
357.0 29.0
460.0 653.0
234.0 196.0
527.0 783.0
256.0 929.0
570.0 733.0
567.0 599.0
400.0 26.0
541.0 358.0
780.0 431.0
802.0 633.0
968.0 251.0
958.0 366.0
581.0 47.0
326.0 577.0
941.0 803.0
893.0 93.0
388.0 832.0
903.0 80.0
429.0 259.0
777.0 522.0
505.0 187.0
52.0 850.0
738.0 663.0
201.0 53.0
709.0 871.0
966.0 116.0
534.0 941.0
462.0 0.0
702.0 287.0
31.0 61.0
839.0 917.0
757.0 480.0
840.0 97.0
500.0 903.0
619.0 640.0
978.0 123.0
252.0 267.0
739.0 428.0
885.0 858.0
806.0 322.0
308.0 590.0
101.0 867.0
798.0 225.0
826.0 709.0
828.0 165.0
468.0 690.0
764.0 493.0
329.0 435.0
923.0 900.0
853.0 35.0
661.0 776.0
465.0 545.0
119.0 579.0
111.0 297.0
268.0 110.0
722.0 704.0
244.0 737.0
570.0 881.0
931.0 259.0
549.0 433.0
653.0 947.0
137.0 972.0
247.0 313.0
757.0 545.0
617.0 684.0
880.0 657.0
95.0 473.0
649.0 575.0
23.0 284.0
445.0 829.0
781.0 375.0
263.0 331.0
697.0 860.0
786.0 564.0
194.0 168.0
234.0 23.0
68.0 342.0
201.0 830.0
261.0 316.0
29.0 687.0
126.0 766.0
718.0 349.0
765.0 278.0
998.0 858.0
775.0 701.0
321.0 763.0
226.0 233.0
195.0 648.0
104.0 98.0
625.0 94.0
903.0 522.0
167.0 187.0
334.0 401.0
369.0 222.0
386.0 106.0
813.0 928.0
639.0 246.0
69.0 403.0
586.0 707.0
915.0 365.0
475.0 32.0
606.0 593.0
312.0 656.0
17.0 890.0
220.0 968.0
490.0 21.0
862.0 831.0
191.0 10.0
742.0 185.0
860.0 142.0
786.0 263.0
594.0 921.0
391.0 479.0
849.0 495.0
803.0 556.0
206.0 877.0
71.0 946.0
344.0 289.0
826.0 200.0
700.0 94.0
513.0 42.0
849.0 715.0
139.0 249.0
326.0 671.0
640.0 938.0
191.0 892.0
745.0 104.0
814.0 733.0
898.0 582.0
469.0 204.0
36.0 589.0
818.0 644.0
376.0 926.0
300.0 328.0
934.0 261.0
698.0 199.0
467.0 555.0
939.0 517.0
193.0 638.0
984.0 39.0
952.0 671.0
581.0 490.0
362.0 951.0
558.0 464.0
844.0 439.0
606.0 544.0
353.0 371.0
523.0 417.0
473.0 946.0
982.0 891.0
22.0 52.0
862.0 218.0
31.0 448.0
940.0 519.0
53.0 97.0
385.0 405.0
651.0 21.0
643.0 645.0
642.0 450.0
54.0 527.0
322.0 741.0
352.0 501.0
245.0 416.0
581.0 349.0
950.0 503.0
505.0 356.0
247.0 472.0
172.0 329.0
48.0 629.0
559.0 149.0
547.0 14.0
108.0 261.0
595.0 807.0
580.0 761.0
501.0 36.0
11.0 781.0
543.0 421.0
629.0 833.0
278.0 602.0
340.0 926.0
747.0 156.0
881.0 384.0
869.0 517.0
840.0 323.0
706.0 781.0
792.0 451.0
174.0 58.0
903.0 940.0
863.0 811.0
21.0 666.0
983.0 265.0
15.0 206.0
960.0 395.0
164.0 870.0
694.0 372.0
948.0 472.0
773.0 707.0
259.0 939.0
468.0 695.0
277.0 145.0
673.0 637.0
444.0 53.0
148.0 751.0
573.0 517.0
976.0 899.0
473.0 676.0
820.0 133.0
231.0 319.0
927.0 826.0
951.0 225.0
586.0 722.0
689.0 854.0
23.0 833.0
939.0 249.0
343.0 106.0
457.0 98.0
26.0 144.0
471.0 183.0
255.0 867.0
938.0 525.0
556.0 483.0
357.0 859.0
551.0 605.0
400.0 475.0
2.0 943.0
986.0 159.0
317.0 224.0
503.0 948.0
990.0 369.0
580.0 653.0
699.0 179.0
767.0 303.0
384.0 803.0
788.0 188.0
948.0 697.0
355.0 871.0
758.0 33.0
845.0 267.0
269.0 651.0
540.0 271.0
132.0 5.0
146.0 954.0
733.0 123.0
482.0 999.0
404.0 384.0
187.0 37.0
588.0 348.0
963.0 598.0
488.0 546.0
552.0 234.0
719.0 29.0
714.0 383.0
314.0 574.0
444.0 143.0
586.0 573.0
849.0 830.0
202.0 305.0
435.0 959.0
804.0 285.0
366.0 162.0
735.0 322.0
43.0 260.0
286.0 59.0
929.0 810.0
220.0 81.0
790.0 907.0
235.0 467.0
764.0 338.0
997.0 57.0
38.0 861.0
393.0 941.0
57.0 893.0
567.0 911.0
864.0 706.0
303.0 356.0
551.0 761.0
203.0 522.0
721.0 413.0
260.0 227.0
277.0 272.0
778.0 483.0
27.0 764.0
6.0 695.0
445.0 75.0
105.0 68.0
24.0 831.0
848.0 993.0
394.0 975.0
903.0 907.0
109.0 974.0
785.0 635.0
801.0 193.0
418.0 405.0
632.0 781.0
908.0 80.0
883.0 91.0
101.0 253.0
203.0 914.0
26.0 846.0
545.0 655.0
437.0 764.0
142.0 386.0
681.0 309.0
430.0 496.0
862.0 432.0
263.0 289.0
488.0 342.0
769.0 318.0
730.0 143.0
61.0 273.0
840.0 182.0
447.0 528.0
522.0 970.0
120.0 815.0
844.0 458.0
132.0 489.0
330.0 269.0
699.0 451.0
369.0 163.0
403.0 925.0
745.0 51.0
730.0 78.0
478.0 313.0
681.0 258.0
430.0 699.0
92.0 555.0
813.0 873.0
437.0 722.0
843.0 712.0
657.0 544.0
904.0 377.0
955.0 421.0
846.0 226.0
716.0 124.0
588.0 576.0
364.0 889.0
867.0 623.0
257.0 192.0
888.0 137.0
670.0 340.0
298.0 950.0
608.0 368.0
206.0 966.0
906.0 933.0
287.0 712.0
256.0 977.0
713.0 814.0
912.0 24.0
372.0 120.0
644.0 298.0
45.0 49.0
156.0 249.0
464.0 617.0
185.0 36.0
234.0 960.0
324.0 485.0
491.0 60.0
597.0 188.0
385.0 560.0
616.0 22.0
807.0 497.0
201.0 606.0
884.0 589.0
88.0 453.0
248.0 802.0
248.0 945.0
66.0 329.0
521.0 192.0
68.0 165.0
533.0 887.0
224.0 556.0
992.0 51.0
300.0 512.0
472.0 659.0
72.0 874.0
44.0 496.0
96.0 605.0
457.0 106.0
53.0 130.0
23.0 817.0
582.0 141.0
579.0 789.0
917.0 51.0
318.0 346.0
828.0 615.0
362.0 747.0
357.0 184.0
788.0 65.0
537.0 231.0
341.0 785.0
144.0 146.0
282.0 560.0
31.0 433.0
636.0 539.0
24.0 58.0
490.0 47.0
139.0 413.0
706.0 889.0
819.0 6.0
286.0 452.0
467.0 418.0
971.0 989.0
254.0 175.0
469.0 364.0
326.0 413.0
111.0 1.0
493.0 835.0
463.0 857.0
23.0 320.0
253.0 764.0
441.0 879.0
691.0 691.0
954.0 982.0
480.0 723.0
527.0 787.0
335.0 161.0
261.0 162.0
669.0 953.0
535.0 728.0
768.0 319.0
704.0 93.0
322.0 377.0
602.0 602.0
493.0 679.0
117.0 399.0
336.0 728.0
867.0 567.0
544.0 154.0
80.0 315.0
114.0 766.0
7.0 559.0
140.0 638.0
471.0 109.0
731.0 259.0
668.0 836.0
607.0 223.0
610.0 76.0
979.0 972.0
365.0 353.0
313.0 279.0
228.0 450.0
674.0 269.0
675.0 837.0
155.0 616.0
815.0 881.0
203.0 925.0
733.0 375.0
385.0 46.0
492.0 405.0
930.0 135.0
481.0 664.0
824.0 615.0
816.0 710.0
406.0 269.0
680.0 486.0
0.0 124.0
832.0 52.0
359.0 485.0
173.0 533.0
962.0 879.0
197.0 195.0
40.0 422.0
918.0 781.0
834.0 781.0
648.0 807.0
254.0 233.0
529.0 649.0
893.0 507.0
191.0 150.0
46.0 545.0
464.0 476.0
964.0 723.0
909.0 858.0
506.0 445.0
837.0 787.0
135.0 421.0
494.0 990.0
485.0 979.0
886.0 399.0
355.0 536.0
519.0 374.0
194.0 460.0
185.0 386.0
460.0 608.0
362.0 697.0
344.0 349.0
88.0 494.0
722.0 687.0
167.0 456.0
88.0 185.0
542.0 395.0
408.0 718.0
900.0 478.0
237.0 409.0
552.0 784.0
704.0 34.0
94.0 839.0
522.0 582.0
637.0 495.0
391.0 497.0
421.0 803.0
863.0 283.0
822.0 323.0
631.0 364.0
931.0 298.0
52.0 909.0
198.0 138.0
687.0 493.0
837.0 958.0
740.0 44.0
170.0 612.0