451
589.0 86.0
486.0 507.0
232.0 968.0
565.0 941.0
997.0 87.0
325.0 957.0
753.0 757.0
512.0 811.0
555.0 726.0
526.0 809.0
357.0 169.0
80.0 143.0
270.0 222.0
175.0 909.0
524.0 195.0
763.0 52.0
87.0 738.0
575.0 417.0
296.0 338.0
426.0 39.0
744.0 920.0
777.0 288.0
541.0 217.0
695.0 991.0
87.0 479.0
830.0 93.0
721.0 487.0
351.0 255.0
355.0 235.0
302.0 472.0
812.0 784.0
969.0 952.0
549.0 358.0
311.0 265.0
25.0 471.0
269.0 145.0
416.0 158.0
363.0 441.0
411.0 558.0
590.0 337.0
66.0 412.0
30.0 589.0
976.0 626.0
808.0 289.0
712.0 152.0
510.0 716.0
585.0 713.0
993.0 644.0
173.0 63.0
657.0 702.0
391.0 764.0
155.0 927.0
395.0 335.0
169.0 124.0
95.0 111.0
488.0 899.0
167.0 159.0
659.0 85.0
991.0 534.0
828.0 312.0
705.0 658.0
243.0 476.0
910.0 512.0
655.0 874.0
185.0 810.0
753.0 188.0
127.0 317.0
160.0 453.0
43.0 902.0
990.0 862.0
206.0 913.0
162.0 90.0
51.0 86.0
903.0 447.0
481.0 649.0
610.0 346.0
273.0 987.0
664.0 717.0
983.0 522.0
446.0 167.0
990.0 90.0
338.0 24.0
556.0 614.0
375.0 135.0
469.0 583.0
62.0 779.0
491.0 552.0
887.0 34.0
362.0 340.0
231.0 161.0
250.0 556.0
164.0 625.0
814.0 513.0
491.0 682.0
633.0 538.0
162.0 263.0
552.0 219.0
810.0 205.0
346.0 914.0
604.0 889.0
868.0 951.0
285.0 526.0
986.0 711.0
100.0 303.0
840.0 189.0
616.0 543.0
486.0 510.0
406.0 642.0
146.0 239.0
935.0 120.0
871.0 181.0
857.0 782.0
379.0 465.0
772.0 800.0
526.0 590.0
597.0 575.0
686.0 880.0
103.0 11.0
183.0 179.0
732.0 565.0
632.0 389.0
644.0 260.0
954.0 865.0
453.0 210.0
969.0 89.0
104.0 274.0
837.0 343.0
732.0 544.0
338.0 416.0
924.0 428.0
642.0 934.0
27.0 245.0
765.0 8.0
64.0 526.0
39.0 480.0
956.0 672.0
184.0 16.0
456.0 236.0
761.0 130.0
876.0 171.0
817.0 331.0
50.0 468.0
975.0 652.0
177.0 57.0
482.0 541.0
94.0 334.0
669.0 501.0
316.0 430.0
150.0 178.0
92.0 956.0
349.0 97.0
312.0 364.0
690.0 443.0
513.0 804.0
671.0 349.0
168.0 194.0
324.0 922.0
498.0 587.0
66.0 775.0
924.0 660.0
703.0 578.0
902.0 729.0
400.0 928.0
548.0 16.0
693.0 354.0
791.0 385.0
613.0 27.0
763.0 708.0
59.0 129.0
425.0 887.0
640.0 629.0
237.0 227.0
56.0 152.0
754.0 850.0
377.0 572.0
456.0 543.0
693.0 885.0
568.0 25.0
361.0 394.0
870.0 373.0
661.0 4.0
53.0 152.0
916.0 738.0
561.0 398.0
86.0 797.0
438.0 786.0
601.0 63.0
742.0 610.0
111.0 571.0
247.0 245.0
728.0 961.0
546.0 412.0
383.0 553.0
56.0 579.0
146.0 801.0
943.0 379.0
932.0 948.0
458.0 349.0
349.0 585.0
503.0 356.0
617.0 189.0
858.0 47.0
765.0 846.0
55.0 203.0
173.0 982.0
117.0 201.0
435.0 808.0
278.0 97.0
451.0 890.0
418.0 490.0
922.0 830.0
331.0 876.0
756.0 791.0
219.0 596.0
452.0 749.0
345.0 276.0
734.0 28.0
435.0 237.0
176.0 679.0
597.0 57.0
936.0 293.0
504.0 857.0
591.0 838.0
662.0 632.0
595.0 564.0
306.0 747.0
58.0 304.0
940.0 541.0
762.0 111.0
26.0 498.0
733.0 625.0
442.0 632.0
642.0 847.0
204.0 438.0
431.0 774.0
260.0 458.0
426.0 980.0
60.0 338.0
503.0 790.0
577.0 38.0
420.0 163.0
148.0 240.0
224.0 545.0
537.0 434.0
953.0 890.0
628.0 603.0
21.0 682.0
831.0 517.0
817.0 800.0
408.0 246.0
53.0 847.0
503.0 560.0
416.0 752.0
862.0 567.0
192.0 717.0
457.0 751.0
961.0 124.0
492.0 312.0
263.0 94.0
468.0 303.0
223.0 987.0
125.0 818.0
895.0 180.0
659.0 359.0
494.0 45.0
61.0 369.0
38.0 605.0
187.0 49.0
214.0 179.0
80.0 85.0
972.0 239.0
554.0 759.0
760.0 370.0
606.0 629.0
43.0 842.0
521.0 520.0
454.0 318.0
586.0 147.0
839.0 299.0
651.0 866.0
134.0 161.0
758.0 900.0
887.0 925.0
131.0 927.0
704.0 939.0
55.0 519.0
689.0 695.0
601.0 210.0
59.0 912.0
655.0 891.0
761.0 698.0
829.0 881.0
323.0 567.0
677.0 827.0
586.0 482.0
906.0 282.0
982.0 431.0
542.0 491.0
674.0 930.0
300.0 607.0
305.0 850.0
944.0 129.0
162.0 146.0
554.0 836.0
479.0 332.0
369.0 758.0
844.0 490.0
364.0 629.0
266.0 707.0
83.0 429.0
67.0 542.0
101.0 91.0
839.0 581.0
435.0 16.0
557.0 761.0
529.0 557.0
646.0 934.0
301.0 992.0
564.0 564.0
56.0 737.0
352.0 105.0
817.0 475.0
552.0 638.0
17.0 994.0
271.0 164.0
417.0 125.0
614.0 514.0
431.0 976.0
480.0 847.0
488.0 386.0
148.0 22.0
767.0 301.0
803.0 675.0
595.0 31.0
193.0 800.0
967.0 572.0
881.0 460.0
387.0 550.0
361.0 825.0
792.0 354.0
893.0 520.0
81.0 104.0
527.0 907.0
69.0 175.0
900.0 375.0
673.0 778.0
657.0 252.0
561.0 387.0
84.0 243.0
63.0 747.0
943.0 819.0
908.0 283.0
616.0 135.0
444.0 186.0
732.0 623.0
119.0 811.0
505.0 370.0
281.0 609.0
427.0 421.0
898.0 786.0
686.0 555.0
241.0 142.0
930.0 856.0
412.0 595.0
901.0 579.0
379.0 199.0
346.0 704.0
939.0 48.0
743.0 672.0
142.0 771.0
860.0 934.0
511.0 551.0
63.0 422.0
163.0 725.0
325.0 355.0
467.0 183.0
475.0 909.0
566.0 826.0
354.0 54.0
260.0 929.0
185.0 728.0
381.0 871.0
68.0 157.0
943.0 241.0
107.0 898.0
455.0 525.0
853.0 264.0
694.0 507.0
51.0 352.0
573.0 487.0
537.0 827.0
980.0 616.0
799.0 147.0
99.0 889.0
70.0 810.0
412.0 977.0
429.0 141.0
711.0 368.0
811.0 484.0
277.0 616.0
287.0 944.0
817.0 37.0
132.0 586.0
680.0 51.0
0.0 780.0
289.0 36.0
907.0 94.0
632.0 682.0
93.0 848.0
572.0 775.0
296.0 207.0
680.0 926.0
269.0 830.0
351.0 5.0
610.0 9.0
416.0 34.0
105.0 225.0
41.0 367.0
140.0 327.0
824.0 499.0
188.0 231.0
117.0 207.0
280.0 235.0
563.0 633.0
563.0 416.0
205.0 16.0
662.0 969.0
69.0 894.0
621.0 839.0
184.0 163.0
878.0 513.0
93.0 235.0
483.0 118.0
332.0 910.0
689.0 828.0
307.0 247.0
145.0 803.0
868.0 644.0
283.0 964.0
634.0 489.0
851.0 192.0
618.0 129.0
300.0 22.0
727.0 35.0
320.0 212.0
685.0 773.0
441.0 568.0
447.0 679.0
202.0 732.0
972.0 438.0
319.0 565.0