422
956.0 885.0
619.0 774.0
950.0 914.0
172.0 861.0
114.0 453.0
100.0 426.0
435.0 493.0
423.0 585.0
212.0 942.0
285.0 198.0
954.0 991.0
132.0 988.0
884.0 305.0
270.0 992.0
184.0 580.0
115.0 944.0
59.0 628.0
763.0 197.0
524.0 360.0
162.0 768.0
509.0 219.0
592.0 945.0
287.0 979.0
924.0 706.0
74.0 543.0
276.0 42.0
902.0 390.0
108.0 949.0
320.0 362.0
600.0 249.0
412.0 340.0
696.0 323.0
500.0 169.0
399.0 256.0
66.0 353.0
176.0 752.0
376.0 80.0
766.0 980.0
809.0 934.0
605.0 400.0
779.0 321.0
370.0 691.0
180.0 242.0
636.0 564.0
190.0 61.0
438.0 767.0
129.0 682.0
699.0 773.0
171.0 272.0
500.0 18.0
174.0 505.0
984.0 407.0
830.0 329.0
849.0 951.0
933.0 832.0
303.0 151.0
573.0 607.0
163.0 807.0
346.0 503.0
634.0 165.0
874.0 884.0
540.0 585.0
121.0 665.0
520.0 178.0
5.0 766.0
598.0 119.0
811.0 660.0
864.0 178.0
452.0 232.0
702.0 975.0
263.0 782.0
436.0 563.0
84.0 693.0
291.0 944.0
346.0 808.0
705.0 724.0
558.0 485.0
389.0 520.0
794.0 854.0
595.0 494.0
317.0 805.0
864.0 324.0
820.0 893.0
179.0 94.0
229.0 179.0
896.0 720.0
219.0 300.0
26.0 904.0
547.0 839.0
917.0 770.0
82.0 171.0
341.0 333.0
281.0 75.0
574.0 763.0
350.0 518.0
201.0 182.0
64.0 748.0
175.0 373.0
998.0 305.0
661.0 982.0
637.0 774.0
540.0 285.0
781.0 149.0
908.0 995.0
854.0 42.0
189.0 226.0
28.0 506.0
842.0 76.0
916.0 203.0
802.0 388.0
730.0 522.0
308.0 948.0
313.0 436.0
462.0 685.0
606.0 740.0
546.0 861.0
273.0 859.0
302.0 171.0
896.0 102.0
919.0 502.0
898.0 313.0
881.0 59.0
269.0 706.0
132.0 229.0
677.0 144.0
399.0 991.0
122.0 641.0
730.0 517.0
220.0 227.0
699.0 761.0
142.0 130.0
519.0 761.0
804.0 328.0
418.0 565.0
138.0 835.0
277.0 102.0
50.0 129.0
291.0 306.0
297.0 6.0
872.0 964.0
375.0 622.0
326.0 441.0
394.0 790.0
22.0 525.0
926.0 428.0
871.0 620.0
267.0 231.0
750.0 60.0
346.0 856.0
899.0 128.0
725.0 728.0
235.0 343.0
699.0 148.0
983.0 147.0
276.0 660.0
1.0 382.0
967.0 89.0
398.0 981.0
398.0 436.0
916.0 921.0
842.0 235.0
945.0 459.0
521.0 630.0
101.0 668.0
752.0 944.0
838.0 279.0
150.0 281.0
38.0 318.0
736.0 344.0
547.0 816.0
314.0 974.0
170.0 989.0
920.0 798.0
601.0 32.0
378.0 592.0
272.0 899.0
621.0 620.0
107.0 289.0
300.0 444.0
7.0 612.0
802.0 67.0
94.0 447.0
410.0 193.0
329.0 389.0
933.0 344.0
17.0 728.0
255.0 177.0
481.0 862.0
679.0 672.0
836.0 230.0
529.0 974.0
799.0 752.0
922.0 588.0
410.0 683.0
575.0 45.0
936.0 872.0
291.0 781.0
80.0 115.0
947.0 302.0
280.0 137.0
919.0 1.0
845.0 997.0
127.0 705.0
642.0 901.0
135.0 323.0
786.0 50.0
737.0 985.0
587.0 789.0
342.0 510.0
233.0 668.0
576.0 13.0
292.0 923.0
151.0 642.0
392.0 536.0
150.0 530.0
223.0 7.0
209.0 62.0
421.0 460.0
517.0 441.0
79.0 823.0
140.0 811.0
72.0 840.0
924.0 687.0
994.0 980.0
307.0 239.0
198.0 617.0
506.0 879.0
368.0 579.0
466.0 487.0
833.0 481.0
207.0 513.0
482.0 1.0
432.0 771.0
131.0 296.0
791.0 551.0
533.0 598.0
603.0 365.0
298.0 326.0
640.0 826.0
167.0 811.0
728.0 649.0
66.0 581.0
576.0 40.0
150.0 427.0
689.0 822.0
176.0 11.0
514.0 665.0
342.0 957.0
439.0 220.0
739.0 477.0
639.0 149.0
545.0 815.0
399.0 380.0
339.0 333.0
383.0 207.0
46.0 76.0
846.0 962.0
116.0 141.0
80.0 164.0
236.0 975.0
472.0 118.0
721.0 393.0
498.0 484.0
933.0 453.0
890.0 37.0
490.0 177.0
291.0 384.0
534.0 247.0
277.0 28.0
272.0 419.0
334.0 826.0
755.0 421.0
131.0 846.0
662.0 180.0
124.0 823.0
837.0 507.0
274.0 312.0
0.0 984.0
349.0 87.0
669.0 655.0
614.0 363.0
988.0 13.0
421.0 187.0
368.0 800.0
928.0 314.0
669.0 588.0
177.0 878.0
594.0 528.0
35.0 887.0
869.0 583.0
409.0 101.0
5.0 67.0
587.0 338.0
520.0 148.0
342.0 798.0
409.0 85.0
918.0 921.0
101.0 952.0
890.0 492.0
411.0 104.0
52.0 217.0
126.0 203.0
212.0 760.0
608.0 995.0
305.0 851.0
788.0 210.0
555.0 945.0
840.0 619.0
63.0 639.0
597.0 896.0
536.0 957.0
653.0 981.0
15.0 732.0
880.0 867.0
646.0 581.0
283.0 937.0
830.0 45.0
790.0 237.0
267.0 420.0
87.0 264.0
577.0 61.0
440.0 384.0
990.0 792.0
914.0 743.0
724.0 163.0
101.0 384.0
424.0 327.0
173.0 338.0
468.0 807.0
730.0 117.0
877.0 627.0
988.0 353.0
554.0 522.0
785.0 469.0
954.0 406.0
21.0 245.0
944.0 273.0
533.0 422.0
278.0 878.0
552.0 747.0
123.0 946.0
706.0 793.0
483.0 538.0
78.0 127.0
865.0 598.0
15.0 719.0
35.0 346.0
347.0 826.0
554.0 733.0
749.0 968.0
317.0 618.0
645.0 229.0
673.0 748.0
462.0 911.0
303.0 823.0
988.0 259.0
194.0 337.0
880.0 287.0
787.0 360.0
18.0 210.0
219.0 429.0
322.0 952.0
628.0 261.0
906.0 562.0
236.0 561.0
780.0 986.0
823.0 515.0
531.0 660.0
497.0 737.0
712.0 143.0
357.0 902.0
668.0 643.0
988.0 587.0
437.0 765.0
885.0 133.0
959.0 470.0
365.0 216.0
280.0 18.0
772.0 906.0
807.0 419.0
924.0 170.0
874.0 558.0
862.0 862.0
131.0 333.0
51.0 820.0
71.0 243.0
619.0 57.0
955.0 655.0
262.0 549.0
587.0 120.0
269.0 511.0
200.0 887.0
780.0 636.0
564.0 89.0
46.0 867.0
125.0 995.0
349.0 740.0
293.0 40.0
172.0 631.0
266.0 614.0
235.0 138.0
302.0 335.0
303.0 122.0
685.0 107.0
795.0 737.0
86.0 155.0
863.0 456.0
777.0 944.0
115.0 932.0
515.0 114.0
632.0 829.0
761.0 85.0
195.0 892.0
110.0 293.0
671.0 610.0
250.0 322.0
670.0 285.0
746.0 630.0
483.0 93.0
134.0 772.0
607.0 741.0
532.0 899.0