525
981.0 762.0
324.0 639.0
12.0 641.0
90.0 340.0
433.0 921.0
874.0 531.0
680.0 164.0
719.0 429.0
918.0 796.0
974.0 540.0
29.0 176.0
362.0 55.0
43.0 372.0
501.0 146.0
974.0 354.0
335.0 724.0
686.0 287.0
774.0 18.0
679.0 97.0
67.0 753.0
89.0 220.0
397.0 857.0
54.0 684.0
868.0 460.0
287.0 652.0
475.0 190.0
939.0 77.0
315.0 135.0
797.0 730.0
329.0 83.0
257.0 248.0
171.0 187.0
547.0 259.0
156.0 605.0
741.0 196.0
425.0 590.0
235.0 143.0
15.0 207.0
267.0 880.0
251.0 517.0
62.0 13.0
534.0 162.0
494.0 551.0
787.0 338.0
604.0 610.0
415.0 912.0
831.0 796.0
539.0 366.0
106.0 610.0
72.0 739.0
346.0 958.0
777.0 119.0
978.0 101.0
934.0 51.0
238.0 93.0
354.0 683.0
625.0 203.0
642.0 245.0
747.0 514.0
319.0 539.0
690.0 872.0
795.0 227.0
779.0 290.0
69.0 529.0
925.0 680.0
360.0 970.0
347.0 59.0
526.0 761.0
972.0 3.0
804.0 871.0
49.0 93.0
123.0 731.0
106.0 898.0
571.0 385.0
149.0 907.0
131.0 551.0
20.0 943.0
121.0 170.0
729.0 759.0
962.0 311.0
265.0 897.0
743.0 573.0
883.0 480.0
325.0 840.0
932.0 229.0
791.0 369.0
624.0 823.0
474.0 976.0
486.0 597.0
317.0 348.0
48.0 964.0
418.0 681.0
598.0 189.0
182.0 944.0
246.0 166.0
585.0 820.0
306.0 440.0
345.0 672.0
535.0 632.0
394.0 479.0
285.0 975.0
954.0 475.0
767.0 876.0
700.0 623.0
113.0 162.0
348.0 160.0
873.0 236.0
793.0 126.0
276.0 980.0
132.0 544.0
670.0 291.0
436.0 381.0
581.0 994.0
251.0 655.0
650.0 775.0
696.0 818.0
253.0 676.0
130.0 771.0
732.0 162.0
885.0 643.0
271.0 659.0
276.0 307.0
83.0 36.0
828.0 705.0
202.0 113.0
9.0 264.0
171.0 378.0
415.0 486.0
787.0 315.0
327.0 598.0
128.0 730.0
612.0 318.0
54.0 521.0
185.0 772.0
856.0 124.0
1.0 441.0
396.0 36.0
594.0 247.0
515.0 522.0
22.0 303.0
11.0 687.0
304.0 571.0
484.0 688.0
312.0 202.0
635.0 943.0
339.0 689.0
30.0 948.0
650.0 439.0
309.0 338.0
420.0 561.0
737.0 782.0
475.0 404.0
652.0 811.0
665.0 386.0
788.0 625.0
948.0 483.0
421.0 460.0
413.0 540.0
210.0 480.0
97.0 509.0
952.0 601.0
322.0 957.0
343.0 993.0
189.0 352.0
454.0 147.0
176.0 888.0
706.0 341.0
792.0 241.0
378.0 930.0
188.0 70.0
514.0 885.0
338.0 810.0
803.0 234.0
964.0 593.0
627.0 942.0
743.0 853.0
286.0 999.0
656.0 940.0
576.0 493.0
194.0 30.0
517.0 272.0
864.0 420.0
896.0 851.0
395.0 556.0
900.0 598.0
441.0 449.0
810.0 570.0
827.0 103.0
624.0 966.0
202.0 501.0
530.0 622.0
85.0 379.0
312.0 3.0
993.0 131.0
564.0 685.0
141.0 364.0
38.0 708.0
96.0 57.0
318.0 911.0
906.0 152.0
445.0 867.0
300.0 190.0
960.0 101.0
164.0 991.0
353.0 499.0
953.0 924.0
884.0 509.0
856.0 693.0
788.0 809.0
937.0 134.0
880.0 780.0
209.0 719.0
757.0 164.0
420.0 290.0
360.0 2.0
358.0 41.0
480.0 117.0
319.0 408.0
86.0 225.0
17.0 102.0
99.0 423.0
119.0 809.0
204.0 134.0
636.0 887.0
716.0 967.0
524.0 873.0
734.0 630.0
155.0 458.0
965.0 412.0
376.0 253.0
579.0 170.0
222.0 660.0
162.0 24.0
191.0 981.0
330.0 923.0
133.0 255.0
248.0 148.0
223.0 210.0
575.0 637.0
804.0 788.0
189.0 319.0
511.0 760.0
725.0 864.0
687.0 906.0
940.0 200.0
697.0 829.0
442.0 154.0
492.0 197.0
200.0 175.0
145.0 544.0
328.0 637.0
213.0 774.0
493.0 335.0
189.0 594.0
400.0 599.0
709.0 249.0
667.0 287.0
701.0 336.0
662.0 428.0
816.0 338.0
965.0 419.0
882.0 214.0
202.0 686.0
101.0 999.0
772.0 287.0
944.0 933.0
83.0 717.0
837.0 80.0
22.0 204.0
349.0 181.0
139.0 551.0
3.0 130.0
819.0 473.0
897.0 203.0
544.0 384.0
827.0 351.0
787.0 651.0
214.0 412.0
182.0 714.0
516.0 702.0
275.0 548.0
256.0 15.0
71.0 942.0
992.0 881.0
167.0 767.0
803.0 351.0
837.0 609.0
377.0 138.0
855.0 313.0
785.0 30.0
884.0 920.0
219.0 260.0
443.0 314.0
99.0 195.0
771.0 619.0
894.0 368.0
473.0 377.0
437.0 908.0
217.0 317.0
659.0 644.0
92.0 595.0
716.0 780.0
521.0 953.0
228.0 13.0
259.0 941.0
137.0 326.0
152.0 318.0
806.0 878.0
34.0 973.0
356.0 871.0
83.0 228.0
775.0 686.0
361.0 908.0
683.0 879.0
44.0 429.0
162.0 430.0
936.0 694.0
131.0 128.0
860.0 612.0
607.0 512.0
293.0 143.0
539.0 741.0
495.0 336.0
189.0 728.0
162.0 119.0
78.0 460.0
149.0 770.0
499.0 86.0
497.0 175.0
191.0 508.0
276.0 538.0
56.0 946.0
241.0 74.0
500.0 327.0
577.0 797.0
216.0 142.0
368.0 300.0
620.0 265.0
862.0 698.0
103.0 879.0
976.0 462.0
571.0 974.0
634.0 103.0
885.0 260.0
92.0 199.0
387.0 607.0
38.0 640.0
786.0 965.0
769.0 267.0
490.0 605.0
124.0 544.0
384.0 884.0
440.0 248.0
625.0 716.0
544.0 478.0
70.0 919.0
872.0 468.0
497.0 865.0
817.0 465.0
97.0 939.0
869.0 960.0
525.0 860.0
262.0 444.0
99.0 610.0
782.0 767.0
268.0 54.0
282.0 258.0
934.0 238.0
960.0 231.0
893.0 596.0
154.0 130.0
631.0 547.0
798.0 638.0
90.0 873.0
851.0 379.0
885.0 152.0
930.0 557.0
288.0 927.0
750.0 25.0
304.0 118.0
2.0 584.0
883.0 215.0
438.0 854.0
76.0 679.0
102.0 132.0
44.0 587.0
631.0 689.0
598.0 960.0
573.0 271.0
244.0 579.0
638.0 434.0
187.0 615.0
893.0 380.0
224.0 508.0
989.0 99.0
397.0 596.0
218.0 979.0
900.0 922.0
317.0 568.0
7.0 260.0
116.0 980.0
306.0 7.0
611.0 103.0
702.0 905.0
755.0 669.0
306.0 225.0
101.0 577.0
120.0 10.0
236.0 103.0
321.0 279.0
476.0 270.0
86.0 777.0
98.0 532.0
484.0 284.0
626.0 252.0
83.0 912.0
319.0 899.0
67.0 906.0
123.0 617.0
92.0 418.0
627.0 418.0
440.0 488.0
485.0 516.0
439.0 760.0
905.0 51.0
223.0 28.0
529.0 951.0
814.0 361.0
527.0 623.0
14.0 625.0
801.0 631.0
571.0 543.0
339.0 277.0
644.0 882.0
474.0 626.0
923.0 104.0
568.0 523.0
75.0 108.0
177.0 455.0
269.0 915.0
593.0 627.0
943.0 128.0
183.0 257.0
666.0 407.0
506.0 144.0
758.0 94.0
839.0 268.0
268.0 487.0
564.0 326.0
199.0 778.0
340.0 366.0
688.0 167.0
72.0 324.0
245.0 634.0
366.0 767.0
662.0 655.0
824.0 109.0
99.0 741.0
451.0 112.0
45.0 503.0
346.0 82.0
944.0 405.0
999.0 975.0
817.0 145.0
982.0 969.0
10.0 149.0
638.0 649.0
639.0 98.0
725.0 737.0
100.0 564.0
999.0 871.0
589.0 153.0
402.0 675.0
65.0 184.0
680.0 441.0
532.0 798.0
186.0 394.0
72.0 435.0
654.0 877.0
543.0 291.0
741.0 659.0
640.0 921.0
540.0 968.0
3.0 286.0
380.0 805.0
467.0 959.0
336.0 883.0
431.0 93.0
379.0 986.0
580.0 149.0
675.0 271.0
331.0 104.0
86.0 580.0
162.0 61.0
527.0 785.0
562.0 505.0
285.0 224.0
517.0 97.0
385.0 998.0
353.0 702.0
809.0 573.0
878.0 448.0
806.0 119.0
528.0 910.0
678.0 646.0
384.0 600.0
455.0 518.0
189.0 160.0
289.0 251.0
931.0 493.0
855.0 119.0
774.0 23.0
562.0 460.0
309.0 833.0
625.0 823.0
653.0 215.0
192.0 101.0
489.0 809.0
804.0 240.0
171.0 576.0
241.0 674.0
858.0 830.0
592.0 35.0
856.0 730.0
993.0 813.0