840
582.0 291.0
755.0 407.0
549.0 677.0
411.0 405.0
562.0 587.0
559.0 451.0
693.0 121.0
342.0 880.0
408.0 966.0
725.0 185.0
235.0 170.0
650.0 421.0
258.0 606.0
824.0 214.0
571.0 443.0
279.0 442.0
647.0 523.0
151.0 657.0
421.0 236.0
137.0 385.0
421.0 947.0
562.0 38.0
624.0 301.0
253.0 629.0
705.0 408.0
228.0 431.0
48.0 456.0
19.0 483.0
715.0 509.0
633.0 620.0
433.0 834.0
83.0 218.0
293.0 336.0
431.0 348.0
259.0 425.0
314.0 83.0
242.0 825.0
646.0 153.0
46.0 679.0
580.0 816.0
745.0 281.0
353.0 968.0
365.0 717.0
304.0 440.0
904.0 276.0
29.0 150.0
357.0 32.0
913.0 97.0
755.0 655.0
63.0 483.0
596.0 176.0
785.0 701.0
964.0 714.0
552.0 490.0
788.0 659.0
198.0 629.0
810.0 910.0
537.0 375.0
623.0 902.0
495.0 56.0
644.0 679.0
553.0 359.0
298.0 436.0
197.0 165.0
941.0 786.0
556.0 763.0
156.0 532.0
884.0 915.0
575.0 552.0
219.0 684.0
821.0 118.0
425.0 984.0
418.0 305.0
400.0 696.0
953.0 510.0
683.0 191.0
316.0 353.0
696.0 515.0
365.0 232.0
123.0 144.0
191.0 375.0
633.0 686.0
798.0 449.0
6.0 363.0
296.0 968.0
371.0 324.0
206.0 628.0
623.0 460.0
635.0 359.0
729.0 983.0
760.0 786.0
207.0 384.0
586.0 888.0
231.0 999.0
729.0 752.0
399.0 862.0
181.0 640.0
346.0 810.0
191.0 780.0
10.0 663.0
537.0 798.0
277.0 693.0
675.0 856.0
678.0 806.0
203.0 293.0
368.0 201.0
880.0 597.0
409.0 425.0
883.0 159.0
793.0 14.0
291.0 729.0
845.0 565.0
92.0 139.0
852.0 643.0
723.0 153.0
678.0 693.0
464.0 159.0
732.0 891.0
287.0 79.0
520.0 626.0
197.0 533.0
90.0 217.0
597.0 772.0
419.0 836.0
324.0 314.0
490.0 236.0
127.0 462.0
417.0 359.0
438.0 626.0
659.0 411.0
157.0 275.0
100.0 390.0
87.0 797.0
277.0 466.0
264.0 516.0
42.0 468.0
733.0 261.0
386.0 915.0
610.0 771.0
507.0 813.0
496.0 469.0
527.0 165.0
984.0 188.0
471.0 49.0
57.0 683.0
410.0 696.0
994.0 783.0
849.0 225.0
500.0 942.0
99.0 422.0
167.0 372.0
176.0 136.0
32.0 680.0
116.0 508.0
379.0 277.0
683.0 618.0
51.0 996.0
387.0 838.0
323.0 303.0
994.0 159.0
696.0 88.0
213.0 45.0
685.0 272.0
489.0 841.0
402.0 372.0
298.0 908.0
395.0 514.0
486.0 65.0
112.0 953.0
133.0 390.0
478.0 662.0
344.0 285.0
521.0 171.0
795.0 186.0
700.0 138.0
840.0 453.0
223.0 71.0
784.0 119.0
684.0 819.0
849.0 657.0
822.0 509.0
951.0 407.0
662.0 395.0
40.0 980.0
147.0 462.0
481.0 959.0
685.0 131.0
582.0 275.0
278.0 358.0
234.0 981.0
878.0 945.0
219.0 310.0
682.0 786.0
968.0 97.0
160.0 571.0
835.0 302.0
258.0 315.0
533.0 372.0
316.0 666.0
738.0 485.0
500.0 777.0
498.0 379.0
837.0 920.0
769.0 88.0
15.0 721.0
132.0 612.0
918.0 433.0
792.0 288.0
374.0 247.0
665.0 855.0
152.0 461.0
883.0 52.0
948.0 644.0
145.0 469.0
427.0 332.0
328.0 359.0
831.0 72.0
446.0 364.0
489.0 400.0
629.0 744.0
790.0 416.0
126.0 89.0
416.0 918.0
947.0 125.0
373.0 257.0
118.0 293.0
134.0 60.0
823.0 454.0
382.0 842.0
390.0 48.0
509.0 652.0
173.0 552.0
664.0 782.0
625.0 936.0
278.0 127.0
173.0 895.0
529.0 439.0
227.0 3.0
831.0 211.0
632.0 713.0
485.0 260.0
867.0 711.0
503.0 501.0
330.0 906.0
542.0 467.0
704.0 681.0
678.0 527.0
7.0 930.0
539.0 999.0
70.0 170.0
320.0 275.0
775.0 728.0
267.0 882.0
256.0 939.0
504.0 829.0
659.0 738.0
873.0 139.0
45.0 706.0
711.0 228.0
319.0 706.0
15.0 961.0
452.0 626.0
684.0 336.0
488.0 322.0
628.0 174.0
41.0 919.0
546.0 397.0
102.0 336.0
256.0 437.0
456.0 503.0
983.0 991.0
504.0 978.0
477.0 284.0
871.0 281.0
545.0 476.0
692.0 531.0
845.0 962.0
6.0 617.0
529.0 668.0
694.0 316.0
528.0 665.0
847.0 194.0
913.0 659.0
541.0 579.0
116.0 549.0
855.0 618.0
519.0 350.0
411.0 415.0
925.0 362.0
789.0 777.0
602.0 697.0
139.0 272.0
437.0 345.0
56.0 561.0
105.0 871.0
115.0 699.0
458.0 123.0
643.0 615.0
177.0 633.0
193.0 284.0
196.0 980.0
866.0 960.0
581.0 693.0
976.0 754.0
61.0 81.0
972.0 308.0
773.0 360.0
122.0 999.0
537.0 714.0
744.0 382.0
233.0 588.0
996.0 717.0
454.0 672.0
682.0 242.0
21.0 539.0
295.0 201.0
626.0 159.0
629.0 917.0
941.0 969.0
403.0 170.0
970.0 997.0
183.0 136.0
519.0 805.0
907.0 930.0
407.0 520.0
834.0 909.0
413.0 783.0
661.0 908.0
320.0 396.0
183.0 824.0
402.0 187.0
913.0 268.0
236.0 402.0
890.0 958.0
314.0 917.0
351.0 402.0
78.0 434.0
291.0 377.0
804.0 659.0
611.0 942.0
401.0 441.0
297.0 305.0
409.0 918.0
642.0 709.0
996.0 315.0
6.0 300.0
356.0 904.0
964.0 994.0
621.0 970.0
335.0 6.0
745.0 150.0
513.0 365.0
295.0 564.0
83.0 457.0
463.0 310.0
174.0 327.0
109.0 920.0
353.0 14.0
824.0 202.0
151.0 339.0
854.0 97.0
836.0 498.0
910.0 188.0
372.0 927.0
145.0 537.0
448.0 522.0
429.0 839.0
374.0 72.0
280.0 135.0
803.0 510.0
590.0 812.0
576.0 729.0
14.0 617.0
807.0 377.0
695.0 361.0
0.0 620.0
171.0 538.0
628.0 142.0
925.0 75.0
85.0 694.0
732.0 500.0
232.0 348.0
932.0 557.0
48.0 687.0
101.0 767.0
384.0 155.0
346.0 854.0
693.0 207.0
769.0 896.0
542.0 221.0
426.0 879.0
401.0 794.0
61.0 666.0
219.0 109.0
868.0 890.0
883.0 492.0
67.0 808.0
243.0 618.0
192.0 668.0
660.0 853.0
970.0 304.0
118.0 980.0
562.0 162.0
633.0 494.0
232.0 233.0
74.0 126.0
796.0 879.0
677.0 450.0
186.0 149.0
732.0 290.0
985.0 212.0
689.0 141.0
936.0 271.0
646.0 15.0
37.0 94.0
446.0 328.0
828.0 270.0
135.0 654.0
640.0 732.0
63.0 250.0
177.0 648.0
504.0 496.0
850.0 478.0
322.0 800.0
85.0 903.0
19.0 761.0
806.0 774.0
901.0 829.0
745.0 591.0
636.0 392.0
320.0 658.0
986.0 642.0
781.0 789.0
329.0 436.0
785.0 895.0
949.0 623.0
350.0 833.0
172.0 584.0
375.0 431.0
274.0 239.0
578.0 132.0
85.0 743.0
71.0 572.0
586.0 888.0
353.0 322.0
482.0 560.0
725.0 898.0
92.0 200.0
859.0 257.0
320.0 970.0
584.0 640.0
829.0 121.0
725.0 64.0
768.0 152.0
800.0 831.0
827.0 789.0
38.0 736.0
597.0 679.0
273.0 313.0
459.0 441.0
899.0 318.0
115.0 379.0
680.0 691.0
488.0 222.0
81.0 774.0
31.0 533.0
626.0 531.0
845.0 419.0
473.0 809.0
155.0 983.0
625.0 689.0
47.0 348.0
187.0 335.0
328.0 461.0
312.0 674.0
253.0 550.0
198.0 829.0
915.0 261.0
348.0 312.0
962.0 119.0
915.0 736.0
146.0 151.0
67.0 866.0
247.0 426.0
759.0 64.0
926.0 998.0
142.0 106.0
715.0 185.0
255.0 70.0
441.0 901.0
200.0 946.0
285.0 577.0
163.0 365.0
343.0 675.0
894.0 221.0
773.0 257.0
869.0 540.0
638.0 886.0
214.0 572.0
136.0 466.0
793.0 905.0
95.0 899.0
226.0 254.0
539.0 999.0
228.0 719.0
652.0 924.0
340.0 141.0
821.0 182.0
111.0 393.0
242.0 527.0
897.0 240.0
959.0 606.0
523.0 924.0
358.0 686.0
192.0 915.0
612.0 942.0
892.0 728.0
705.0 641.0
658.0 776.0
235.0 404.0
944.0 135.0
238.0 189.0
561.0 81.0
2.0 467.0
743.0 796.0
808.0 384.0
154.0 34.0
706.0 138.0
178.0 301.0
223.0 937.0
861.0 883.0
335.0 660.0
485.0 745.0
729.0 364.0
89.0 244.0
127.0 794.0
982.0 162.0
562.0 844.0
426.0 399.0
24.0 514.0
694.0 940.0
934.0 615.0
685.0 409.0
923.0 947.0
757.0 371.0
996.0 117.0
392.0 873.0
853.0 510.0
431.0 56.0
842.0 761.0
964.0 959.0
315.0 822.0
859.0 757.0
157.0 950.0
429.0 838.0
539.0 608.0
128.0 316.0
400.0 442.0
718.0 905.0
935.0 564.0
623.0 203.0
17.0 318.0
230.0 625.0
282.0 801.0
814.0 162.0
17.0 299.0
255.0 637.0
418.0 724.0
449.0 242.0
82.0 141.0
275.0 335.0
302.0 89.0
545.0 727.0
961.0 500.0
584.0 494.0
256.0 64.0
358.0 823.0
531.0 574.0
875.0 102.0
978.0 673.0
102.0 921.0
217.0 238.0
742.0 385.0
186.0 544.0
934.0 230.0
501.0 264.0
411.0 873.0
335.0 473.0
573.0 483.0
765.0 353.0
535.0 586.0
203.0 556.0
37.0 869.0
717.0 187.0
234.0 988.0
576.0 153.0
907.0 490.0
798.0 94.0
756.0 31.0
973.0 157.0
860.0 510.0
635.0 184.0
927.0 765.0
753.0 83.0
680.0 827.0
776.0 478.0
529.0 548.0
44.0 156.0
121.0 279.0
859.0 616.0
152.0 240.0
546.0 639.0
522.0 762.0
957.0 600.0
173.0 740.0
793.0 600.0
729.0 60.0
56.0 987.0
764.0 2.0
687.0 668.0
983.0 195.0
527.0 190.0
928.0 54.0
111.0 459.0
252.0 626.0
218.0 889.0
25.0 310.0
866.0 213.0
925.0 427.0
641.0 815.0
927.0 516.0
232.0 733.0
456.0 686.0
190.0 292.0
725.0 330.0
526.0 864.0
804.0 599.0
470.0 509.0
473.0 364.0
863.0 38.0
76.0 267.0
854.0 235.0
368.0 313.0
294.0 320.0
994.0 250.0
103.0 975.0
4.0 458.0
647.0 840.0
837.0 366.0
563.0 655.0
471.0 145.0
131.0 67.0
629.0 779.0
768.0 95.0
279.0 499.0
434.0 194.0
795.0 885.0
690.0 761.0
530.0 38.0
624.0 331.0
772.0 556.0
26.0 309.0
209.0 203.0
762.0 820.0
821.0 282.0
555.0 96.0
806.0 780.0
72.0 745.0
85.0 947.0
873.0 289.0
175.0 622.0
434.0 616.0
399.0 675.0
234.0 175.0
354.0 264.0
77.0 652.0
335.0 923.0
478.0 716.0
97.0 58.0
5.0 951.0
906.0 853.0
713.0 356.0
181.0 831.0
554.0 493.0
448.0 243.0
357.0 814.0
349.0 514.0
173.0 71.0
555.0 883.0
834.0 849.0
806.0 964.0
849.0 421.0
383.0 269.0
904.0 288.0
633.0 28.0
604.0 883.0
946.0 562.0
993.0 926.0
74.0 997.0
357.0 956.0
419.0 431.0
825.0 178.0
628.0 827.0
837.0 42.0
188.0 663.0
647.0 812.0
376.0 885.0
616.0 755.0
425.0 260.0
531.0 877.0
429.0 940.0
251.0 636.0
464.0 279.0
680.0 163.0
702.0 610.0
461.0 434.0
936.0 603.0
321.0 666.0
145.0 260.0
104.0 876.0
652.0 541.0
141.0 603.0
748.0 72.0
966.0 698.0
911.0 174.0
820.0 560.0
984.0 703.0
46.0 168.0
632.0 879.0
753.0 933.0
32.0 211.0
934.0 875.0
917.0 235.0
224.0 40.0
264.0 282.0
400.0 362.0
721.0 672.0
959.0 594.0
63.0 176.0
375.0 542.0
95.0 493.0
734.0 260.0
767.0 960.0
192.0 649.0
230.0 253.0
233.0 178.0
114.0 36.0
260.0 794.0
324.0 899.0
698.0 11.0
892.0 64.0
130.0 152.0
925.0 979.0
265.0 526.0
381.0 890.0
167.0 914.0
596.0 543.0
590.0 637.0
926.0 44.0
495.0 197.0
22.0 271.0
858.0 709.0
120.0 88.0
986.0 285.0
51.0 159.0
460.0 700.0
722.0 202.0
442.0 913.0
822.0 636.0
560.0 153.0
42.0 98.0
73.0 291.0
42.0 919.0
895.0 120.0
432.0 751.0
29.0 846.0
356.0 936.0
859.0 443.0
848.0 660.0
646.0 486.0
949.0 347.0
321.0 937.0
542.0 174.0
124.0 219.0
335.0 654.0
863.0 578.0
929.0 515.0
667.0 573.0
661.0 544.0
949.0 87.0
690.0 396.0
80.0 976.0
237.0 980.0
406.0 942.0
780.0 419.0
162.0 314.0
23.0 411.0
181.0 197.0
715.0 813.0
932.0 680.0
948.0 989.0
130.0 866.0
279.0 161.0
743.0 788.0
57.0 528.0
140.0 441.0
208.0 63.0
66.0 97.0
212.0 358.0
47.0 861.0
568.0 74.0
420.0 4.0
955.0 643.0
909.0 252.0
622.0 830.0
805.0 821.0
866.0 349.0
38.0 359.0
743.0 785.0
930.0 691.0
827.0 458.0
58.0 375.0
861.0 189.0
400.0 963.0
85.0 404.0
586.0 393.0
314.0 196.0
614.0 986.0
911.0 776.0
668.0 882.0
27.0 986.0
109.0 621.0
723.0 106.0
830.0 84.0
942.0 303.0
417.0 72.0
117.0 386.0
592.0 655.0
278.0 914.0
558.0 467.0