677
179.0 916.0
162.0 829.0
33.0 426.0
822.0 951.0
248.0 190.0
239.0 799.0
910.0 769.0
662.0 724.0
779.0 377.0
627.0 119.0
181.0 200.0
858.0 437.0
935.0 110.0
167.0 616.0
184.0 574.0
858.0 420.0
56.0 767.0
917.0 700.0
557.0 897.0
547.0 902.0
508.0 770.0
899.0 746.0
260.0 980.0
385.0 946.0
979.0 461.0
598.0 510.0
468.0 763.0
710.0 119.0
360.0 970.0
839.0 285.0
761.0 563.0
665.0 0.0
134.0 98.0
913.0 87.0
392.0 860.0
71.0 849.0
460.0 331.0
672.0 598.0
185.0 688.0
190.0 96.0
841.0 628.0
602.0 859.0
388.0 587.0
300.0 782.0
823.0 181.0
441.0 374.0
628.0 458.0
220.0 150.0
379.0 658.0
919.0 956.0
414.0 822.0
856.0 51.0
739.0 710.0
457.0 936.0
922.0 280.0
47.0 203.0
606.0 50.0
836.0 908.0
201.0 500.0
856.0 23.0
687.0 853.0
963.0 230.0
877.0 888.0
789.0 274.0
162.0 50.0
126.0 246.0
755.0 747.0
929.0 304.0
725.0 943.0
851.0 868.0
371.0 544.0
250.0 862.0
216.0 914.0
816.0 644.0
718.0 475.0
431.0 878.0
493.0 948.0
774.0 499.0
183.0 592.0
753.0 369.0
360.0 400.0
600.0 696.0
306.0 760.0
486.0 4.0
567.0 210.0
529.0 990.0
944.0 365.0
441.0 270.0
650.0 241.0
281.0 438.0
768.0 970.0
507.0 558.0
787.0 199.0
880.0 863.0
991.0 294.0
85.0 478.0
175.0 597.0
313.0 632.0
137.0 703.0
131.0 116.0
331.0 994.0
296.0 306.0
965.0 33.0
114.0 846.0
856.0 659.0
276.0 0.0
148.0 231.0
105.0 283.0
463.0 201.0
461.0 184.0
289.0 734.0
75.0 6.0
445.0 0.0
510.0 304.0
362.0 974.0
891.0 628.0
152.0 747.0
339.0 99.0
853.0 410.0
151.0 218.0
15.0 75.0
780.0 684.0
980.0 468.0
926.0 585.0
701.0 95.0
648.0 32.0
545.0 940.0
209.0 708.0
613.0 651.0
930.0 862.0
170.0 872.0
652.0 95.0
255.0 755.0
279.0 767.0
157.0 698.0
62.0 335.0
554.0 254.0
702.0 215.0
508.0 887.0
524.0 781.0
599.0 21.0
302.0 564.0
938.0 844.0
873.0 261.0
244.0 787.0
618.0 100.0
4.0 985.0
529.0 785.0
710.0 684.0
832.0 713.0
145.0 127.0
513.0 48.0
797.0 935.0
293.0 990.0
834.0 187.0
993.0 307.0
955.0 750.0
778.0 496.0
641.0 899.0
681.0 380.0
557.0 499.0
994.0 543.0
549.0 501.0
606.0 150.0
40.0 819.0
729.0 740.0
469.0 596.0
542.0 826.0
604.0 804.0
54.0 859.0
600.0 837.0
559.0 886.0
596.0 319.0
937.0 120.0
155.0 35.0
572.0 869.0
444.0 160.0
565.0 27.0
986.0 848.0
967.0 659.0
681.0 611.0
734.0 213.0
92.0 62.0
711.0 120.0
812.0 463.0
228.0 667.0
163.0 895.0
748.0 562.0
399.0 260.0
790.0 16.0
929.0 626.0
117.0 237.0
861.0 6.0
439.0 948.0
580.0 263.0
328.0 604.0
774.0 449.0
324.0 361.0
67.0 463.0
722.0 86.0
496.0 852.0
380.0 561.0
527.0 310.0
458.0 900.0
918.0 648.0
206.0 803.0
218.0 83.0
722.0 983.0
405.0 184.0
238.0 494.0
554.0 628.0
317.0 748.0
329.0 393.0
111.0 50.0
390.0 629.0
546.0 793.0
796.0 968.0
449.0 355.0
943.0 991.0
495.0 63.0
295.0 752.0
380.0 295.0
688.0 162.0
318.0 991.0
207.0 19.0
451.0 892.0
743.0 653.0
283.0 991.0
144.0 830.0
634.0 765.0
761.0 258.0
603.0 132.0
861.0 839.0
168.0 68.0
985.0 309.0
589.0 767.0
237.0 680.0
477.0 799.0
969.0 203.0
549.0 666.0
663.0 979.0
556.0 348.0
70.0 261.0
60.0 594.0
791.0 341.0
250.0 534.0
256.0 52.0
56.0 684.0
702.0 229.0
732.0 56.0
279.0 420.0
706.0 873.0
925.0 147.0
93.0 246.0
775.0 835.0
618.0 212.0
649.0 155.0
109.0 233.0
172.0 784.0
677.0 360.0
593.0 2.0
570.0 577.0
310.0 510.0
855.0 412.0
579.0 469.0
778.0 194.0
126.0 440.0
81.0 848.0
714.0 486.0
71.0 585.0
502.0 796.0
755.0 135.0
994.0 968.0
169.0 190.0
589.0 794.0
594.0 957.0
793.0 80.0
223.0 794.0
728.0 228.0
355.0 184.0
424.0 668.0
542.0 719.0
426.0 845.0
61.0 521.0
560.0 421.0
959.0 461.0
996.0 988.0
859.0 545.0
901.0 270.0
837.0 864.0
700.0 960.0
951.0 790.0
542.0 172.0
700.0 84.0
482.0 571.0
464.0 957.0
962.0 581.0
507.0 996.0
966.0 432.0
332.0 591.0
907.0 139.0
762.0 580.0
299.0 342.0
950.0 430.0
38.0 560.0
468.0 116.0
119.0 132.0
408.0 190.0
233.0 841.0
174.0 397.0
0.0 429.0
834.0 190.0
924.0 677.0
125.0 291.0
951.0 36.0
177.0 599.0
296.0 781.0
164.0 243.0
528.0 158.0
912.0 969.0
58.0 123.0
819.0 100.0
456.0 700.0
402.0 218.0
320.0 533.0
696.0 904.0
541.0 656.0
629.0 688.0
386.0 752.0
898.0 609.0
129.0 444.0
128.0 891.0
66.0 871.0
736.0 854.0
207.0 320.0
629.0 942.0
244.0 867.0
53.0 21.0
916.0 395.0
991.0 357.0
366.0 210.0
239.0 480.0
655.0 398.0
173.0 798.0
72.0 90.0
59.0 642.0
696.0 622.0
413.0 754.0
93.0 516.0
690.0 369.0
708.0 273.0
121.0 650.0
944.0 731.0
383.0 139.0
79.0 85.0
364.0 836.0
623.0 396.0
654.0 34.0
184.0 109.0
990.0 149.0
835.0 582.0
686.0 890.0
672.0 461.0
83.0 829.0
790.0 497.0
264.0 768.0
578.0 931.0
72.0 800.0
315.0 504.0
277.0 706.0
564.0 542.0
230.0 602.0
912.0 296.0
10.0 899.0
652.0 528.0
316.0 504.0
414.0 745.0
111.0 85.0
940.0 846.0
536.0 707.0
783.0 585.0
811.0 534.0
383.0 356.0
654.0 205.0
719.0 798.0
242.0 326.0
256.0 898.0
143.0 331.0
612.0 834.0
71.0 237.0
497.0 620.0
355.0 635.0
118.0 174.0
881.0 431.0
113.0 75.0
471.0 909.0
974.0 346.0
129.0 161.0
837.0 895.0
503.0 628.0
978.0 896.0
234.0 2.0
504.0 910.0
797.0 388.0
719.0 254.0
688.0 533.0
561.0 131.0
359.0 75.0
317.0 658.0
665.0 667.0
3.0 602.0
244.0 529.0
343.0 405.0
726.0 883.0
232.0 904.0
823.0 201.0
160.0 595.0
290.0 92.0
597.0 261.0
834.0 168.0
494.0 343.0
393.0 375.0
722.0 827.0
44.0 643.0
345.0 601.0
234.0 727.0
678.0 997.0
251.0 674.0
4.0 321.0
781.0 458.0
438.0 291.0
162.0 401.0
907.0 138.0
726.0 111.0
934.0 546.0
316.0 635.0
395.0 570.0
255.0 207.0
606.0 734.0
646.0 631.0
374.0 766.0
521.0 325.0
830.0 714.0
408.0 669.0
19.0 264.0
707.0 448.0
777.0 412.0
204.0 887.0
977.0 219.0
25.0 982.0
453.0 835.0
77.0 354.0
149.0 954.0
766.0 616.0
385.0 138.0
145.0 636.0
454.0 854.0
441.0 259.0
502.0 76.0
367.0 13.0
280.0 895.0
988.0 682.0
262.0 127.0
289.0 736.0
69.0 239.0
183.0 254.0
520.0 740.0
91.0 305.0
797.0 573.0
569.0 168.0
425.0 290.0
889.0 285.0
23.0 101.0
327.0 355.0
411.0 287.0
124.0 575.0
725.0 465.0
674.0 36.0
985.0 225.0
837.0 759.0
276.0 645.0
333.0 588.0
321.0 343.0
240.0 898.0
184.0 724.0
461.0 194.0
944.0 626.0
386.0 967.0
620.0 542.0
255.0 298.0
753.0 984.0
955.0 62.0
120.0 644.0
460.0 682.0
102.0 173.0
373.0 864.0
416.0 751.0
399.0 786.0
708.0 825.0
282.0 132.0
483.0 30.0
61.0 241.0
3.0 887.0
89.0 453.0
425.0 822.0
907.0 276.0
12.0 377.0
321.0 782.0
804.0 737.0
164.0 256.0
216.0 943.0
227.0 280.0
103.0 106.0
216.0 933.0
319.0 295.0
868.0 936.0
442.0 725.0
389.0 835.0
982.0 963.0
160.0 116.0
11.0 553.0
338.0 109.0
607.0 296.0
464.0 924.0
877.0 527.0
334.0 490.0
821.0 291.0
956.0 99.0
412.0 186.0
629.0 17.0
372.0 724.0
161.0 556.0
31.0 646.0
243.0 130.0
493.0 780.0
772.0 911.0
965.0 218.0
686.0 185.0
543.0 704.0
445.0 659.0
488.0 144.0
375.0 228.0
783.0 37.0
549.0 515.0
324.0 82.0
809.0 234.0
344.0 923.0
871.0 884.0
816.0 356.0
120.0 347.0
83.0 901.0
978.0 82.0
563.0 38.0
315.0 820.0
544.0 117.0
332.0 696.0
312.0 785.0
323.0 554.0
427.0 337.0
416.0 390.0
898.0 527.0
201.0 499.0
247.0 794.0
169.0 578.0
16.0 780.0
531.0 986.0
429.0 338.0
740.0 986.0
185.0 913.0
966.0 258.0
782.0 203.0
897.0 486.0
785.0 373.0
317.0 727.0
476.0 548.0
994.0 320.0
458.0 444.0
688.0 218.0
557.0 501.0
267.0 276.0
699.0 458.0
510.0 171.0
559.0 975.0
264.0 154.0
316.0 846.0
155.0 262.0
909.0 686.0
345.0 881.0
527.0 153.0
961.0 217.0
296.0 137.0
184.0 508.0
736.0 710.0
35.0 386.0
749.0 734.0
344.0 102.0
854.0 713.0
741.0 242.0
973.0 192.0
536.0 199.0
935.0 282.0
293.0 54.0
568.0 915.0
782.0 206.0
575.0 65.0
677.0 426.0
417.0 60.0
44.0 910.0
265.0 569.0
254.0 358.0
653.0 387.0
134.0 99.0
163.0 799.0
541.0 251.0
91.0 106.0
281.0 180.0
662.0 329.0
225.0 964.0
268.0 660.0
781.0 16.0
580.0 584.0
994.0 703.0
532.0 849.0
460.0 179.0
968.0 720.0
483.0 475.0
887.0 14.0
800.0 80.0
497.0 597.0
329.0 466.0
300.0 359.0
16.0 461.0
70.0 246.0
610.0 958.0
381.0 303.0
923.0 388.0
858.0 276.0
846.0 213.0
236.0 628.0
986.0 174.0
113.0 416.0
969.0 662.0
639.0 525.0
122.0 799.0
689.0 714.0
782.0 594.0
981.0 237.0
568.0 807.0
562.0 710.0
373.0 462.0
503.0 63.0
890.0 725.0
478.0 230.0
797.0 494.0
311.0 9.0
908.0 35.0
465.0 301.0
674.0 457.0
955.0 195.0
32.0 975.0
561.0 896.0
8.0 201.0
722.0 919.0
940.0 949.0
70.0 509.0
981.0 361.0
237.0 24.0
440.0 559.0
139.0 741.0
562.0 607.0
159.0 637.0
421.0 359.0
442.0 707.0
514.0 25.0
581.0 964.0
750.0 497.0
172.0 771.0