599
780.0 566.0
714.0 348.0
141.0 966.0
935.0 144.0
70.0 490.0
780.0 823.0
757.0 397.0
720.0 283.0
695.0 630.0
813.0 495.0
35.0 925.0
64.0 666.0
693.0 289.0
431.0 658.0
489.0 887.0
959.0 925.0
341.0 464.0
769.0 898.0
561.0 290.0
920.0 366.0
205.0 886.0
321.0 547.0
815.0 41.0
359.0 51.0
719.0 316.0
75.0 586.0
241.0 526.0
781.0 265.0
423.0 826.0
249.0 199.0
520.0 683.0
936.0 794.0
809.0 227.0
698.0 99.0
487.0 859.0
893.0 688.0
710.0 565.0
989.0 626.0
336.0 917.0
704.0 63.0
685.0 174.0
76.0 26.0
708.0 345.0
32.0 606.0
356.0 624.0
852.0 338.0
1.0 184.0
781.0 214.0
662.0 453.0
513.0 291.0
883.0 839.0
99.0 25.0
203.0 914.0
780.0 634.0
485.0 492.0
767.0 627.0
877.0 448.0
350.0 715.0
527.0 455.0
494.0 124.0
615.0 862.0
892.0 407.0
951.0 466.0
202.0 668.0
774.0 912.0
954.0 7.0
137.0 105.0
382.0 693.0
169.0 955.0
426.0 582.0
362.0 563.0
175.0 285.0
67.0 669.0
628.0 882.0
614.0 918.0
867.0 280.0
253.0 265.0
821.0 402.0
175.0 678.0
787.0 177.0
718.0 105.0
634.0 945.0
598.0 654.0
826.0 769.0
349.0 474.0
595.0 377.0
401.0 932.0
501.0 470.0
98.0 355.0
738.0 961.0
766.0 825.0
930.0 214.0
50.0 405.0
347.0 711.0
116.0 14.0
619.0 992.0
914.0 851.0
188.0 214.0
430.0 856.0
394.0 129.0
281.0 955.0
716.0 577.0
264.0 509.0
612.0 404.0
72.0 76.0
629.0 821.0
130.0 92.0
440.0 457.0
546.0 189.0
499.0 994.0
650.0 208.0
423.0 638.0
126.0 356.0
116.0 698.0
980.0 909.0
251.0 304.0
346.0 492.0
783.0 200.0
275.0 513.0
593.0 515.0
543.0 381.0
431.0 210.0
862.0 780.0
873.0 317.0
129.0 359.0
215.0 984.0
454.0 336.0
114.0 487.0
590.0 30.0
334.0 690.0
300.0 169.0
784.0 371.0
476.0 911.0
794.0 324.0
941.0 397.0
576.0 550.0
213.0 441.0
542.0 549.0
383.0 508.0
768.0 799.0
723.0 757.0
845.0 195.0
659.0 712.0
785.0 326.0
62.0 774.0
598.0 592.0
531.0 46.0
382.0 301.0
435.0 353.0
808.0 16.0
618.0 3.0
956.0 946.0
852.0 198.0
21.0 184.0
929.0 680.0
978.0 418.0
868.0 964.0
704.0 208.0
566.0 294.0
968.0 335.0
385.0 848.0
808.0 297.0
196.0 442.0
193.0 51.0
882.0 414.0
877.0 176.0
775.0 73.0
355.0 754.0
201.0 582.0
728.0 160.0
814.0 765.0
755.0 796.0
640.0 464.0
468.0 155.0
570.0 109.0
794.0 423.0
461.0 792.0
17.0 634.0
715.0 312.0
877.0 464.0
415.0 386.0
717.0 607.0
639.0 763.0
366.0 475.0
752.0 238.0
539.0 986.0
477.0 901.0
558.0 790.0
35.0 4.0
350.0 777.0
979.0 658.0
509.0 546.0
476.0 161.0
780.0 781.0
309.0 900.0
877.0 745.0
573.0 360.0
653.0 739.0
983.0 675.0
412.0 336.0
725.0 618.0
650.0 912.0
279.0 918.0
128.0 414.0
640.0 254.0
624.0 444.0
342.0 288.0
394.0 331.0
852.0 440.0
453.0 352.0
581.0 107.0
910.0 618.0
231.0 134.0
727.0 887.0
514.0 447.0
727.0 238.0
60.0 981.0
370.0 328.0
506.0 972.0
445.0 48.0
789.0 112.0
240.0 993.0
534.0 243.0
296.0 871.0
911.0 529.0
888.0 309.0
608.0 40.0
451.0 998.0
19.0 974.0
961.0 575.0
996.0 138.0
748.0 849.0
304.0 364.0
237.0 492.0
305.0 241.0
360.0 615.0
292.0 743.0
721.0 821.0
136.0 575.0
905.0 97.0
674.0 704.0
777.0 738.0
425.0 887.0
201.0 241.0
707.0 484.0
126.0 807.0
866.0 161.0
582.0 196.0
519.0 508.0
873.0 554.0
337.0 843.0
894.0 176.0
994.0 671.0
910.0 250.0
327.0 432.0
697.0 342.0
505.0 560.0
636.0 393.0
597.0 861.0
196.0 72.0
276.0 390.0
386.0 987.0
687.0 214.0
282.0 339.0
188.0 398.0
321.0 852.0
557.0 429.0
74.0 126.0
219.0 355.0
902.0 758.0
183.0 787.0
582.0 57.0
752.0 727.0
790.0 272.0
774.0 741.0
543.0 974.0
10.0 710.0
793.0 903.0
752.0 39.0
908.0 907.0
682.0 73.0
473.0 392.0
410.0 260.0
274.0 406.0
795.0 184.0
210.0 59.0
917.0 499.0
194.0 311.0
835.0 447.0
697.0 497.0
227.0 323.0
919.0 264.0
265.0 153.0
535.0 487.0
224.0 288.0
335.0 232.0
382.0 384.0
821.0 417.0
563.0 242.0
199.0 779.0
902.0 426.0
431.0 575.0
684.0 285.0
906.0 683.0
326.0 748.0
987.0 338.0
934.0 467.0
112.0 34.0
917.0 715.0
224.0 215.0
20.0 227.0
96.0 53.0
517.0 78.0
49.0 802.0
293.0 93.0
440.0 10.0
48.0 5.0
906.0 292.0
393.0 539.0
185.0 162.0
69.0 484.0
71.0 782.0
75.0 402.0
198.0 367.0
74.0 624.0
865.0 467.0
174.0 382.0
483.0 6.0
433.0 496.0
306.0 793.0
114.0 945.0
791.0 814.0
853.0 109.0
45.0 600.0
855.0 843.0
316.0 807.0
756.0 138.0
465.0 185.0
846.0 627.0
116.0 540.0
692.0 307.0
581.0 823.0
821.0 172.0
275.0 89.0
111.0 818.0
963.0 905.0
361.0 296.0
657.0 60.0
961.0 989.0
726.0 445.0
810.0 729.0
767.0 287.0
486.0 25.0
509.0 294.0
428.0 482.0
710.0 268.0
470.0 2.0
544.0 783.0
186.0 858.0
621.0 551.0
459.0 335.0
407.0 342.0
763.0 952.0
770.0 744.0
535.0 706.0
160.0 129.0
887.0 127.0
621.0 886.0
729.0 94.0
976.0 51.0
112.0 147.0
930.0 164.0
934.0 975.0
774.0 423.0
795.0 946.0
61.0 238.0
865.0 981.0
860.0 3.0
278.0 356.0
445.0 101.0
813.0 176.0
551.0 55.0
729.0 435.0
11.0 862.0
23.0 580.0
668.0 835.0
695.0 123.0
250.0 535.0
326.0 559.0
395.0 659.0
860.0 370.0
590.0 426.0
277.0 526.0
798.0 470.0
454.0 560.0
455.0 71.0
661.0 51.0
752.0 650.0
877.0 552.0
908.0 750.0
381.0 561.0
895.0 10.0
324.0 789.0
34.0 226.0
284.0 573.0
156.0 152.0
760.0 605.0
165.0 622.0
314.0 223.0
231.0 930.0
854.0 833.0
971.0 323.0
421.0 494.0
813.0 784.0
182.0 890.0
918.0 648.0
79.0 895.0
596.0 972.0
612.0 37.0
640.0 80.0
250.0 783.0
235.0 40.0
67.0 264.0
709.0 927.0
558.0 339.0
540.0 379.0
434.0 418.0
590.0 389.0
287.0 959.0
148.0 684.0
313.0 62.0
779.0 105.0
793.0 51.0
863.0 676.0
610.0 40.0
102.0 166.0
389.0 927.0
22.0 688.0
658.0 334.0
156.0 833.0
388.0 784.0
682.0 709.0
47.0 879.0
132.0 416.0
624.0 504.0
976.0 666.0
329.0 479.0
223.0 996.0
831.0 929.0
356.0 432.0
178.0 385.0
512.0 439.0
649.0 842.0
584.0 725.0
128.0 947.0
988.0 990.0
71.0 992.0
836.0 476.0
416.0 725.0
704.0 272.0
284.0 893.0
917.0 238.0
178.0 985.0
487.0 341.0
821.0 141.0
872.0 59.0
793.0 52.0
923.0 520.0
786.0 155.0
829.0 441.0
833.0 683.0
57.0 829.0
924.0 944.0
78.0 964.0
889.0 247.0
360.0 970.0
335.0 220.0
759.0 659.0
897.0 345.0
175.0 121.0
215.0 346.0
749.0 241.0
634.0 461.0
755.0 796.0
428.0 608.0
345.0 193.0
826.0 459.0
776.0 376.0
368.0 628.0
196.0 1.0
15.0 529.0
549.0 146.0
965.0 784.0
538.0 767.0
857.0 578.0
595.0 620.0
825.0 118.0
377.0 558.0
114.0 601.0
324.0 160.0
747.0 635.0
872.0 642.0
399.0 894.0
821.0 339.0
997.0 872.0
882.0 407.0
781.0 503.0
934.0 451.0
737.0 148.0
682.0 773.0
774.0 744.0
518.0 585.0
414.0 731.0
351.0 638.0
980.0 579.0
817.0 792.0
875.0 481.0
935.0 862.0
946.0 376.0
804.0 987.0
848.0 439.0
717.0 914.0
736.0 102.0
341.0 58.0
673.0 269.0
876.0 457.0
469.0 407.0
637.0 805.0
28.0 837.0
619.0 934.0
564.0 311.0
503.0 503.0
279.0 502.0
920.0 243.0
89.0 901.0
808.0 636.0
845.0 734.0
175.0 182.0
531.0 697.0
263.0 426.0
624.0 222.0
579.0 799.0
922.0 828.0
36.0 443.0
669.0 602.0
225.0 152.0
71.0 282.0
922.0 369.0
237.0 294.0
377.0 491.0
520.0 498.0
710.0 993.0
976.0 881.0
430.0 991.0
235.0 468.0
375.0 720.0
937.0 989.0
618.0 3.0
951.0 370.0
654.0 16.0
15.0 364.0
853.0 481.0
80.0 735.0
181.0 571.0
503.0 900.0
885.0 540.0
458.0 890.0
489.0 406.0
540.0 892.0
525.0 417.0
771.0 43.0
722.0 63.0
66.0 612.0
552.0 553.0
82.0 877.0
120.0 903.0
940.0 344.0
971.0 117.0
964.0 290.0
605.0 465.0
435.0 717.0
368.0 208.0
539.0 986.0
495.0 264.0
111.0 970.0
400.0 944.0
775.0 491.0
444.0 460.0
589.0 8.0
278.0 69.0
215.0 489.0
277.0 853.0
969.0 298.0
200.0 176.0
54.0 695.0
765.0 678.0
123.0 197.0
814.0 5.0
144.0 420.0