1000
191.0 894.0
700.0 216.0
654.0 89.0
613.0 988.0
468.0 722.0
973.0 996.0
810.0 66.0
545.0 341.0
527.0 996.0
238.0 771.0
173.0 242.0
105.0 732.0
240.0 777.0
317.0 443.0
850.0 526.0
930.0 211.0
9.0 539.0
162.0 648.0
985.0 970.0
384.0 907.0
510.0 125.0
970.0 66.0
458.0 320.0
853.0 329.0
525.0 84.0
543.0 129.0
779.0 744.0
327.0 595.0
319.0 390.0
0.0 226.0
285.0 815.0
253.0 106.0
244.0 812.0
271.0 840.0
122.0 682.0
58.0 928.0
322.0 633.0
462.0 717.0
137.0 697.0
120.0 433.0
343.0 458.0
248.0 641.0
832.0 502.0
190.0 443.0
634.0 13.0
622.0 935.0
825.0 29.0
314.0 207.0
589.0 540.0
103.0 93.0
525.0 540.0
871.0 599.0
93.0 641.0
981.0 561.0
555.0 602.0
512.0 992.0
264.0 145.0
886.0 350.0
489.0 481.0
714.0 671.0
517.0 91.0
929.0 87.0
801.0 109.0
126.0 421.0
767.0 520.0
717.0 504.0
958.0 244.0
972.0 709.0
882.0 402.0
685.0 706.0
276.0 965.0
936.0 802.0
612.0 246.0
493.0 686.0
626.0 227.0
520.0 804.0
261.0 732.0
885.0 822.0
971.0 337.0
579.0 129.0
158.0 955.0
549.0 920.0
664.0 430.0
459.0 453.0
789.0 863.0
423.0 652.0
663.0 328.0
339.0 284.0
967.0 357.0
424.0 315.0
487.0 954.0
858.0 269.0
589.0 995.0
239.0 296.0
969.0 895.0
454.0 374.0
823.0 666.0
980.0 104.0
944.0 446.0
89.0 228.0
611.0 37.0
617.0 35.0
345.0 198.0
831.0 906.0
734.0 841.0
668.0 906.0
475.0 529.0
333.0 542.0
9.0 197.0
635.0 297.0
352.0 10.0
347.0 97.0
421.0 185.0
494.0 476.0
378.0 8.0
947.0 165.0
271.0 760.0
119.0 635.0
822.0 443.0
39.0 335.0
828.0 143.0
532.0 191.0
787.0 316.0
558.0 652.0
317.0 294.0
204.0 628.0
60.0 702.0
862.0 597.0
828.0 675.0
886.0 727.0
745.0 505.0
595.0 645.0
389.0 92.0
637.0 120.0
186.0 499.0
775.0 495.0
421.0 131.0
365.0 286.0
19.0 95.0
623.0 386.0
742.0 633.0
406.0 791.0
536.0 720.0
668.0 406.0
1.0 38.0
712.0 591.0
115.0 644.0
734.0 310.0
457.0 700.0
445.0 349.0
448.0 18.0
50.0 646.0
46.0 705.0
595.0 75.0
431.0 14.0
437.0 637.0
663.0 787.0
886.0 949.0
921.0 250.0
463.0 913.0
238.0 539.0
137.0 654.0
346.0 564.0
801.0 543.0
672.0 829.0
606.0 120.0
221.0 685.0
694.0 481.0
50.0 676.0
617.0 794.0
723.0 973.0
5.0 448.0
900.0 863.0
96.0 729.0
420.0 642.0
572.0 505.0
289.0 337.0
501.0 162.0
691.0 367.0
14.0 193.0
317.0 658.0
874.0 227.0
5.0 415.0
374.0 484.0
933.0 968.0
595.0 679.0
874.0 505.0
273.0 607.0
114.0 323.0
415.0 128.0
35.0 602.0
280.0 187.0
614.0 762.0
159.0 621.0
697.0 865.0
259.0 595.0
44.0 248.0
413.0 915.0
588.0 836.0
518.0 714.0
515.0 219.0
702.0 166.0
313.0 565.0
447.0 647.0
716.0 441.0
392.0 783.0
610.0 944.0
901.0 938.0
967.0 258.0
748.0 44.0
450.0 916.0
986.0 846.0
226.0 819.0
260.0 829.0
886.0 280.0
882.0 743.0
689.0 623.0
733.0 746.0
108.0 989.0
234.0 627.0
358.0 37.0
998.0 344.0
111.0 807.0
9.0 899.0
426.0 383.0
383.0 643.0
336.0 709.0
673.0 952.0
33.0 670.0
475.0 275.0
470.0 871.0
830.0 424.0
410.0 481.0
813.0 193.0
767.0 693.0
373.0 272.0
876.0 868.0
190.0 392.0
260.0 596.0
926.0 664.0
562.0 691.0
733.0 806.0
928.0 441.0
227.0 884.0
351.0 438.0
861.0 122.0
609.0 181.0
262.0 864.0
570.0 60.0
658.0 917.0
117.0 1.0
566.0 817.0
811.0 266.0
427.0 875.0
142.0 873.0
26.0 744.0
3.0 858.0
393.0 641.0
558.0 347.0
779.0 87.0
656.0 935.0
854.0 118.0
811.0 166.0
86.0 123.0
406.0 789.0
391.0 571.0
571.0 421.0
456.0 930.0
974.0 683.0
906.0 957.0
385.0 732.0
407.0 660.0
258.0 282.0
840.0 39.0
542.0 615.0
727.0 852.0
486.0 732.0
851.0 138.0
880.0 79.0
506.0 174.0
785.0 360.0
33.0 263.0
230.0 622.0
422.0 456.0
761.0 18.0
862.0 873.0
304.0 823.0
323.0 570.0
218.0 501.0
149.0 902.0
507.0 817.0
378.0 304.0
647.0 218.0
888.0 100.0
771.0 955.0
798.0 228.0
495.0 752.0
611.0 69.0
127.0 191.0
542.0 582.0
697.0 20.0
68.0 421.0
521.0 344.0
689.0 766.0
631.0 567.0
125.0 400.0
426.0 109.0
679.0 198.0
958.0 565.0
464.0 727.0
609.0 190.0
494.0 682.0
244.0 170.0
57.0 977.0
157.0 779.0
483.0 481.0
73.0 357.0
808.0 988.0
294.0 258.0
932.0 803.0
142.0 478.0
660.0 235.0
879.0 8.0
852.0 458.0
184.0 353.0
480.0 702.0
558.0 524.0
222.0 779.0
365.0 362.0
841.0 551.0
298.0 272.0
89.0 372.0
637.0 520.0
45.0 49.0
516.0 713.0
282.0 221.0
114.0 956.0
149.0 393.0
598.0 636.0
804.0 625.0
288.0 809.0
91.0 791.0
502.0 873.0
435.0 187.0
933.0 331.0
564.0 491.0
59.0 450.0
139.0 707.0
801.0 346.0
127.0 602.0
55.0 234.0
798.0 313.0
967.0 837.0
676.0 792.0
131.0 383.0
619.0 590.0
402.0 465.0
254.0 340.0
173.0 329.0
311.0 239.0
352.0 546.0
361.0 617.0
932.0 675.0
447.0 427.0
122.0 310.0
923.0 129.0
66.0 623.0
435.0 522.0
129.0 975.0
774.0 826.0
377.0 900.0
253.0 117.0
162.0 559.0
428.0 162.0
550.0 433.0
31.0 602.0
835.0 650.0
601.0 989.0
465.0 728.0
240.0 151.0
483.0 257.0
493.0 747.0
882.0 942.0
263.0 556.0
485.0 980.0
839.0 156.0
61.0 103.0
766.0 467.0
421.0 124.0
618.0 982.0
950.0 132.0
335.0 745.0
696.0 41.0
995.0 154.0
886.0 14.0
474.0 572.0
552.0 143.0
304.0 868.0
571.0 378.0
541.0 596.0
918.0 136.0
826.0 234.0
963.0 108.0
58.0 764.0
86.0 263.0
515.0 666.0
89.0 718.0
156.0 591.0
421.0 521.0
113.0 237.0
806.0 856.0
321.0 837.0
462.0 451.0
576.0 760.0
441.0 766.0
529.0 973.0
592.0 856.0
547.0 640.0
495.0 631.0
141.0 451.0
449.0 858.0
148.0 27.0
483.0 931.0
368.0 25.0
670.0 118.0
247.0 99.0
718.0 114.0
753.0 951.0
887.0 147.0
763.0 739.0
256.0 785.0
639.0 132.0
847.0 952.0
8.0 697.0
980.0 157.0
619.0 788.0
474.0 170.0
464.0 813.0
176.0 503.0
137.0 66.0
109.0 221.0
642.0 38.0
570.0 464.0
6.0 940.0
409.0 944.0
970.0 313.0
875.0 548.0
962.0 60.0
480.0 564.0
986.0 195.0
335.0 737.0
648.0 563.0
686.0 123.0
828.0 803.0
451.0 870.0
617.0 470.0
896.0 986.0
517.0 867.0
893.0 534.0
620.0 563.0
976.0 249.0
763.0 86.0
903.0 292.0
128.0 818.0
470.0 679.0
143.0 145.0
44.0 558.0
216.0 13.0
720.0 928.0
804.0 747.0
521.0 269.0
549.0 538.0
627.0 953.0
597.0 230.0
957.0 128.0
767.0 309.0
239.0 224.0
258.0 950.0
112.0 350.0
28.0 481.0
966.0 774.0
411.0 590.0
535.0 218.0
679.0 366.0
252.0 294.0
851.0 272.0
606.0 702.0
730.0 289.0
528.0 45.0
710.0 291.0
356.0 699.0
211.0 65.0
809.0 290.0
594.0 348.0
42.0 557.0
618.0 661.0
898.0 804.0
866.0 104.0
372.0 449.0
137.0 369.0
519.0 265.0
845.0 117.0
582.0 999.0
738.0 255.0
589.0 19.0
667.0 614.0
151.0 90.0
908.0 600.0
925.0 938.0
704.0 646.0
801.0 956.0
422.0 19.0
968.0 151.0
758.0 737.0
862.0 381.0
770.0 962.0
508.0 812.0
735.0 696.0
724.0 923.0
771.0 697.0
869.0 54.0
568.0 819.0
794.0 713.0
70.0 480.0
676.0 325.0
160.0 438.0
504.0 49.0
756.0 942.0
147.0 617.0
678.0 310.0
114.0 155.0
198.0 821.0
815.0 652.0
853.0 379.0
21.0 542.0
79.0 27.0
692.0 332.0
259.0 430.0
616.0 572.0
390.0 508.0
764.0 535.0
556.0 873.0
324.0 816.0
472.0 866.0
256.0 198.0
756.0 99.0
44.0 640.0
561.0 103.0
860.0 348.0
658.0 467.0
877.0 652.0
996.0 599.0
79.0 566.0
221.0 682.0
798.0 199.0
614.0 121.0
0.0 323.0
91.0 251.0
249.0 747.0
847.0 708.0
226.0 627.0
524.0 804.0
664.0 271.0
512.0 412.0
896.0 809.0
123.0 716.0
736.0 234.0
677.0 476.0
113.0 771.0
556.0 453.0
80.0 198.0
339.0 786.0
260.0 534.0
559.0 873.0
83.0 656.0
211.0 696.0
805.0 612.0
299.0 845.0
713.0 820.0
389.0 911.0
22.0 423.0
747.0 10.0
505.0 594.0
837.0 899.0
734.0 973.0
932.0 921.0
954.0 646.0
209.0 884.0
205.0 884.0
12.0 813.0
637.0 377.0
617.0 961.0
413.0 796.0
324.0 658.0
292.0 635.0
69.0 364.0
810.0 362.0
847.0 1.0
86.0 378.0
450.0 690.0
930.0 217.0
320.0 707.0
656.0 561.0
109.0 706.0
910.0 880.0
375.0 299.0
572.0 12.0
245.0 531.0
959.0 601.0
92.0 727.0
133.0 936.0
661.0 560.0
473.0 453.0
826.0 77.0
161.0 557.0
23.0 5.0
298.0 410.0
117.0 320.0
469.0 421.0
281.0 584.0
435.0 407.0
476.0 905.0
76.0 412.0
899.0 970.0
821.0 596.0
719.0 784.0
40.0 751.0
391.0 886.0
693.0 701.0
905.0 650.0
39.0 399.0
656.0 710.0
649.0 29.0
174.0 682.0
407.0 333.0
203.0 435.0
672.0 93.0
982.0 970.0
489.0 205.0
896.0 587.0
22.0 708.0
552.0 464.0
913.0 317.0
216.0 66.0
301.0 189.0
239.0 476.0
755.0 68.0
328.0 132.0
451.0 982.0
736.0 662.0
88.0 941.0
805.0 430.0
650.0 341.0
753.0 154.0
527.0 603.0
630.0 586.0
443.0 707.0
131.0 357.0
883.0 893.0
989.0 161.0
658.0 818.0
497.0 350.0
283.0 793.0
205.0 704.0
445.0 609.0
230.0 160.0
940.0 602.0
860.0 438.0
764.0 500.0
210.0 388.0
337.0 507.0
650.0 322.0
946.0 662.0
974.0 41.0
147.0 506.0
992.0 614.0
194.0 536.0
178.0 838.0
833.0 776.0
170.0 408.0
850.0 137.0
669.0 844.0
249.0 510.0
533.0 942.0
115.0 638.0
597.0 366.0
620.0 151.0
353.0 23.0
294.0 848.0
282.0 633.0
741.0 522.0
671.0 30.0
648.0 51.0
631.0 798.0
194.0 511.0
899.0 760.0
214.0 754.0
145.0 317.0
97.0 751.0
218.0 26.0
65.0 214.0
21.0 610.0
412.0 237.0
477.0 445.0
691.0 318.0
853.0 266.0
125.0 969.0
852.0 756.0
104.0 926.0
924.0 580.0
290.0 353.0
588.0 818.0
925.0 66.0
285.0 953.0
881.0 775.0
369.0 839.0
964.0 657.0
503.0 197.0
45.0 656.0
691.0 105.0
878.0 412.0
427.0 958.0
471.0 449.0
109.0 101.0
798.0 381.0
412.0 602.0
828.0 386.0
329.0 461.0
940.0 939.0
325.0 83.0
421.0 732.0
549.0 176.0
735.0 426.0
574.0 299.0
826.0 700.0
456.0 799.0
793.0 389.0
231.0 650.0
886.0 111.0
372.0 859.0
359.0 254.0
347.0 493.0
174.0 254.0
902.0 130.0
62.0 257.0
158.0 150.0
217.0 521.0
121.0 138.0
927.0 151.0
351.0 376.0
80.0 221.0
86.0 530.0
619.0 710.0
806.0 106.0
399.0 312.0
743.0 901.0
766.0 67.0
54.0 81.0
658.0 281.0
991.0 743.0
679.0 250.0
164.0 55.0
24.0 418.0
819.0 960.0
742.0 25.0
213.0 712.0
315.0 920.0
507.0 894.0
493.0 619.0
243.0 737.0
398.0 167.0
849.0 301.0
151.0 673.0
681.0 826.0
525.0 504.0
336.0 312.0
628.0 424.0
538.0 979.0
336.0 60.0
701.0 214.0
714.0 455.0
493.0 79.0
807.0 175.0
34.0 520.0
741.0 487.0
595.0 301.0
550.0 856.0
933.0 463.0
967.0 3.0
167.0 516.0
739.0 101.0
253.0 592.0
640.0 191.0
364.0 988.0
179.0 641.0
941.0 889.0
415.0 307.0
827.0 633.0
552.0 232.0
254.0 907.0
886.0 167.0
290.0 457.0
349.0 335.0
961.0 919.0
937.0 166.0
845.0 402.0
351.0 630.0
738.0 987.0
975.0 229.0
408.0 423.0
637.0 959.0
646.0 780.0
567.0 890.0
513.0 330.0
633.0 998.0
645.0 971.0
172.0 639.0
531.0 904.0
189.0 408.0
448.0 466.0
433.0 286.0
366.0 602.0
326.0 414.0
995.0 182.0
693.0 44.0
647.0 176.0
60.0 129.0
860.0 820.0
32.0 416.0
950.0 885.0
15.0 309.0
577.0 749.0
523.0 426.0
354.0 384.0
147.0 248.0
606.0 91.0
636.0 814.0
38.0 527.0
756.0 273.0
380.0 972.0
351.0 224.0
775.0 635.0
562.0 443.0
898.0 68.0
61.0 72.0
548.0 664.0
158.0 569.0
416.0 44.0
656.0 901.0
796.0 547.0
627.0 809.0
918.0 831.0
116.0 51.0
195.0 284.0
461.0 931.0
401.0 937.0
392.0 191.0
604.0 228.0
461.0 369.0
326.0 472.0
554.0 287.0
599.0 629.0
834.0 630.0
301.0 589.0
334.0 876.0
700.0 454.0
480.0 585.0
622.0 713.0
855.0 433.0
190.0 278.0
869.0 649.0
559.0 258.0
668.0 627.0
857.0 630.0
998.0 55.0
451.0 925.0
292.0 896.0
164.0 298.0
582.0 273.0
19.0 963.0
778.0 450.0
63.0 238.0
0.0 771.0
25.0 742.0
329.0 507.0
566.0 90.0
519.0 717.0
536.0 610.0
192.0 416.0
987.0 575.0
60.0 258.0
813.0 806.0
742.0 208.0
607.0 217.0
128.0 164.0
624.0 394.0
510.0 20.0
425.0 869.0
197.0 659.0
971.0 801.0
380.0 70.0
836.0 890.0
960.0 573.0
161.0 726.0
534.0 668.0
190.0 729.0
714.0 772.0
600.0 584.0
156.0 675.0
859.0 207.0
154.0 69.0
135.0 543.0
656.0 950.0
205.0 728.0
844.0 445.0
16.0 766.0
870.0 654.0
151.0 379.0
916.0 732.0
846.0 161.0
644.0 888.0
276.0 10.0
315.0 11.0
112.0 14.0
763.0 645.0
573.0 904.0
377.0 183.0
228.0 222.0
491.0 827.0
568.0 219.0
96.0 909.0
172.0 538.0
458.0 230.0
985.0 329.0
847.0 510.0
500.0 952.0
14.0 139.0
340.0 428.0
404.0 658.0
521.0 581.0
950.0 241.0
464.0 232.0
344.0 422.0
771.0 521.0
684.0 496.0
509.0 201.0
991.0 736.0
67.0 56.0
941.0 731.0
998.0 152.0
781.0 567.0
917.0 958.0
558.0 391.0
144.0 724.0
201.0 821.0
719.0 887.0
81.0 211.0
376.0 179.0
645.0 655.0
936.0 694.0
30.0 432.0
193.0 512.0
523.0 665.0
953.0 109.0
762.0 729.0
467.0 980.0
129.0 123.0
351.0 95.0
18.0 329.0
548.0 423.0
133.0 745.0
294.0 995.0
824.0 257.0
411.0 37.0
66.0 548.0
271.0 145.0
749.0 784.0
623.0 947.0
81.0 507.0
34.0 884.0
797.0 523.0
395.0 584.0
536.0 871.0
556.0 832.0
254.0 189.0
957.0 727.0
334.0 240.0
74.0 466.0
536.0 381.0
954.0 705.0
716.0 587.0
292.0 117.0
109.0 404.0
676.0 997.0
685.0 52.0
274.0 625.0
666.0 446.0
739.0 514.0
118.0 37.0
962.0 884.0