717
167.0 299.0
887.0 842.0
211.0 599.0
425.0 429.0
182.0 742.0
434.0 565.0
14.0 667.0
723.0 168.0
682.0 40.0
559.0 449.0
339.0 462.0
59.0 393.0
970.0 827.0
363.0 6.0
460.0 734.0
566.0 826.0
752.0 457.0
231.0 587.0
98.0 691.0
285.0 98.0
831.0 194.0
332.0 226.0
24.0 194.0
530.0 664.0
956.0 588.0
742.0 777.0
78.0 302.0
282.0 124.0
702.0 139.0
177.0 132.0
731.0 159.0
819.0 82.0
470.0 984.0
54.0 310.0
346.0 372.0
79.0 959.0
783.0 284.0
502.0 687.0
213.0 274.0
439.0 756.0
326.0 868.0
981.0 764.0
597.0 324.0
817.0 344.0
770.0 891.0
272.0 171.0
687.0 370.0
74.0 24.0
845.0 141.0
431.0 902.0
591.0 188.0
412.0 281.0
424.0 487.0
883.0 469.0
777.0 86.0
745.0 153.0
906.0 826.0
576.0 670.0
914.0 660.0
509.0 803.0
418.0 807.0
380.0 831.0
251.0 92.0
287.0 105.0
408.0 99.0
414.0 351.0
598.0 552.0
408.0 186.0
623.0 834.0
887.0 34.0
742.0 355.0
154.0 259.0
574.0 36.0
555.0 68.0
419.0 393.0
793.0 599.0
705.0 212.0
985.0 954.0
227.0 353.0
997.0 370.0
332.0 117.0
886.0 142.0
874.0 492.0
606.0 431.0
976.0 326.0
854.0 98.0
938.0 565.0
710.0 838.0
339.0 597.0
27.0 873.0
595.0 56.0
298.0 226.0
933.0 925.0
291.0 450.0
460.0 556.0
857.0 613.0
5.0 441.0
277.0 830.0
23.0 59.0
794.0 580.0
751.0 776.0
340.0 575.0
576.0 871.0
458.0 174.0
824.0 713.0
58.0 153.0
46.0 988.0
11.0 102.0
856.0 70.0
710.0 939.0
577.0 867.0
126.0 414.0
614.0 850.0
838.0 140.0
657.0 978.0
953.0 164.0
535.0 445.0
373.0 864.0
317.0 886.0
745.0 735.0
704.0 204.0
334.0 905.0
105.0 723.0
937.0 289.0
335.0 195.0
158.0 704.0
14.0 375.0
408.0 883.0
453.0 397.0
245.0 459.0
341.0 285.0
911.0 245.0
638.0 103.0
21.0 262.0
524.0 861.0
88.0 685.0
86.0 338.0
929.0 29.0
327.0 879.0
840.0 453.0
717.0 248.0
703.0 997.0
607.0 583.0
933.0 47.0
284.0 276.0
654.0 984.0
150.0 575.0
871.0 122.0
782.0 260.0
448.0 327.0
833.0 802.0
27.0 900.0
327.0 544.0
272.0 199.0
756.0 732.0
787.0 567.0
176.0 162.0
21.0 295.0
241.0 773.0
198.0 886.0
248.0 405.0
781.0 726.0
561.0 5.0
766.0 982.0
555.0 87.0
114.0 663.0
152.0 271.0
725.0 775.0
719.0 145.0
872.0 365.0
949.0 999.0
766.0 659.0
610.0 995.0
316.0 329.0
527.0 534.0
42.0 955.0
605.0 666.0
30.0 521.0
896.0 362.0
551.0 887.0
859.0 468.0
983.0 640.0
901.0 128.0
490.0 4.0
914.0 440.0
43.0 363.0
708.0 532.0
46.0 125.0
152.0 41.0
696.0 703.0
781.0 285.0
546.0 484.0
534.0 809.0
405.0 382.0
161.0 963.0
551.0 727.0
400.0 272.0
355.0 913.0
813.0 906.0
759.0 85.0
387.0 883.0
423.0 44.0
471.0 807.0
31.0 632.0
757.0 191.0
253.0 822.0
679.0 655.0
781.0 875.0
721.0 589.0
822.0 776.0
543.0 492.0
154.0 539.0
247.0 853.0
466.0 259.0
675.0 225.0
112.0 696.0
7.0 118.0
758.0 468.0
570.0 43.0
196.0 458.0
527.0 41.0
951.0 290.0
674.0 640.0
437.0 389.0
176.0 43.0
93.0 787.0
431.0 961.0
162.0 199.0
724.0 209.0
121.0 116.0
44.0 145.0
568.0 255.0
274.0 763.0
430.0 776.0
327.0 877.0
706.0 654.0
280.0 243.0
387.0 437.0
681.0 891.0
886.0 471.0
127.0 301.0
718.0 92.0
860.0 853.0
246.0 639.0
11.0 822.0
570.0 144.0
491.0 445.0
988.0 703.0
552.0 711.0
378.0 899.0
444.0 72.0
348.0 591.0
45.0 369.0
427.0 678.0
121.0 677.0
789.0 955.0
572.0 0.0
645.0 983.0
530.0 853.0
520.0 815.0
144.0 570.0
186.0 473.0
172.0 10.0
567.0 660.0
213.0 111.0
93.0 530.0
972.0 433.0
614.0 747.0
506.0 80.0
244.0 926.0
340.0 858.0
173.0 462.0
354.0 233.0
246.0 263.0
141.0 52.0
876.0 475.0
310.0 96.0
198.0 54.0
931.0 731.0
733.0 610.0
588.0 214.0
797.0 408.0
356.0 644.0
102.0 972.0
827.0 266.0
171.0 443.0
392.0 53.0
771.0 652.0
852.0 867.0
502.0 912.0
58.0 279.0
911.0 159.0
250.0 821.0
288.0 560.0
484.0 461.0
900.0 469.0
722.0 727.0
325.0 625.0
823.0 68.0
293.0 671.0
323.0 517.0
594.0 152.0
80.0 419.0
715.0 680.0
199.0 98.0
511.0 846.0
235.0 74.0
77.0 111.0
360.0 603.0
669.0 165.0
564.0 244.0
93.0 953.0
339.0 160.0
17.0 842.0
361.0 183.0
74.0 504.0
103.0 244.0
438.0 434.0
769.0 152.0
248.0 632.0
215.0 794.0
694.0 150.0
535.0 433.0
897.0 718.0
435.0 744.0
298.0 225.0
70.0 540.0
615.0 665.0
610.0 725.0
260.0 982.0
822.0 206.0
623.0 771.0
723.0 19.0
812.0 636.0
869.0 527.0
391.0 911.0
647.0 367.0
191.0 236.0
183.0 87.0
111.0 458.0
177.0 694.0
353.0 303.0
71.0 432.0
868.0 59.0
677.0 696.0
868.0 378.0
258.0 720.0
984.0 324.0
699.0 703.0
110.0 115.0
626.0 797.0
27.0 440.0
652.0 958.0
191.0 827.0
793.0 608.0
420.0 533.0
36.0 643.0
72.0 395.0
105.0 477.0
696.0 225.0
542.0 463.0
740.0 393.0
554.0 535.0
722.0 87.0
35.0 2.0
938.0 586.0
228.0 678.0
240.0 289.0
579.0 737.0
400.0 335.0
712.0 458.0
860.0 148.0
417.0 978.0
857.0 970.0
98.0 182.0
936.0 265.0
794.0 844.0
192.0 15.0
881.0 552.0
600.0 952.0
774.0 530.0
314.0 469.0
141.0 45.0
75.0 340.0
821.0 822.0
912.0 60.0
336.0 447.0
538.0 52.0
275.0 455.0
98.0 855.0
165.0 128.0
839.0 965.0
165.0 749.0
460.0 297.0
396.0 406.0
999.0 786.0
233.0 417.0
220.0 785.0
387.0 871.0
488.0 854.0
505.0 192.0
97.0 559.0
110.0 148.0
891.0 487.0
128.0 655.0
189.0 758.0
383.0 775.0
770.0 338.0
379.0 45.0
92.0 42.0
166.0 270.0
355.0 539.0
592.0 893.0
962.0 929.0
665.0 775.0
538.0 556.0
474.0 907.0
952.0 60.0
964.0 364.0
58.0 418.0
586.0 604.0
816.0 820.0
451.0 854.0
477.0 893.0
855.0 416.0
108.0 175.0
339.0 684.0
631.0 453.0
703.0 121.0
346.0 634.0
660.0 595.0
366.0 480.0
459.0 643.0
826.0 342.0
489.0 956.0
316.0 793.0
878.0 116.0
533.0 909.0
669.0 450.0
635.0 520.0
574.0 899.0
640.0 355.0
431.0 595.0
519.0 846.0
145.0 186.0
551.0 287.0
494.0 900.0
591.0 831.0
913.0 637.0
481.0 849.0
846.0 24.0
444.0 39.0
432.0 402.0
90.0 539.0
161.0 719.0
24.0 823.0
556.0 288.0
748.0 794.0
22.0 24.0
728.0 584.0
667.0 450.0
460.0 324.0
477.0 961.0
370.0 5.0
904.0 59.0
11.0 194.0
833.0 683.0
743.0 178.0
388.0 161.0
586.0 540.0
300.0 241.0
514.0 64.0
277.0 877.0
660.0 41.0
165.0 935.0
238.0 776.0
225.0 766.0
871.0 502.0
125.0 596.0
875.0 381.0
603.0 283.0
83.0 668.0
261.0 74.0
281.0 701.0
693.0 432.0
352.0 100.0
545.0 307.0
26.0 726.0
108.0 524.0
244.0 187.0
791.0 899.0
292.0 106.0
535.0 947.0
627.0 648.0
696.0 754.0
909.0 173.0
152.0 392.0
868.0 499.0
494.0 145.0
548.0 771.0
16.0 776.0
394.0 742.0
372.0 9.0
190.0 517.0
862.0 595.0
904.0 933.0
241.0 41.0
175.0 362.0
689.0 140.0
691.0 607.0
196.0 167.0
116.0 688.0
97.0 526.0
476.0 636.0
72.0 963.0
295.0 10.0
777.0 366.0
659.0 502.0
913.0 393.0
338.0 696.0
375.0 229.0
300.0 74.0
493.0 997.0
610.0 756.0
98.0 821.0
557.0 350.0
644.0 558.0
973.0 353.0
43.0 473.0
62.0 50.0
952.0 269.0
412.0 612.0
276.0 519.0
223.0 921.0
797.0 813.0
353.0 373.0
123.0 295.0
604.0 311.0
465.0 690.0
186.0 884.0
111.0 282.0
236.0 466.0
813.0 508.0
259.0 270.0
169.0 37.0
37.0 386.0
425.0 146.0
703.0 334.0
125.0 526.0
898.0 938.0
699.0 177.0
280.0 830.0
174.0 859.0
117.0 255.0
657.0 125.0
978.0 662.0
52.0 551.0
68.0 461.0
713.0 868.0
75.0 353.0
185.0 119.0
255.0 663.0
248.0 288.0
413.0 405.0
607.0 774.0
919.0 718.0
984.0 115.0
850.0 176.0
59.0 695.0
585.0 278.0
271.0 514.0
679.0 733.0
5.0 937.0
41.0 558.0
478.0 611.0
393.0 359.0
869.0 809.0
47.0 790.0
799.0 673.0
466.0 835.0
383.0 926.0
428.0 744.0
54.0 597.0
756.0 79.0
687.0 357.0
661.0 857.0
929.0 436.0
332.0 895.0
77.0 467.0
519.0 422.0
880.0 397.0
336.0 908.0
218.0 201.0
593.0 833.0
564.0 897.0
337.0 181.0
545.0 319.0
956.0 884.0
667.0 971.0
913.0 712.0
286.0 595.0
285.0 699.0
554.0 264.0
814.0 598.0
762.0 8.0
314.0 323.0
833.0 982.0
757.0 444.0
828.0 562.0
680.0 471.0
234.0 918.0
287.0 703.0
961.0 958.0
59.0 799.0
730.0 618.0
934.0 893.0
276.0 740.0
742.0 16.0
262.0 153.0
88.0 344.0
126.0 174.0
94.0 353.0
711.0 417.0
243.0 27.0
879.0 928.0
962.0 881.0
78.0 33.0
351.0 340.0
82.0 744.0
325.0 76.0
824.0 662.0
943.0 626.0
117.0 908.0
994.0 341.0
370.0 60.0
95.0 207.0
750.0 848.0
911.0 771.0
413.0 722.0
958.0 765.0
894.0 303.0
434.0 6.0
747.0 345.0
213.0 482.0
505.0 559.0
862.0 8.0
503.0 435.0
487.0 653.0
604.0 704.0
103.0 189.0
641.0 269.0
655.0 32.0
381.0 315.0
881.0 237.0
175.0 127.0
28.0 598.0
326.0 684.0
468.0 839.0
477.0 504.0
783.0 380.0
714.0 849.0
994.0 150.0
677.0 516.0
906.0 393.0
30.0 82.0
103.0 341.0
415.0 832.0
931.0 983.0
969.0 713.0
224.0 588.0
914.0 186.0
342.0 793.0
155.0 449.0
588.0 258.0
248.0 123.0
54.0 893.0
689.0 881.0
381.0 874.0
878.0 582.0
741.0 738.0
735.0 144.0
432.0 304.0
385.0 800.0
687.0 704.0
372.0 872.0
160.0 723.0
417.0 232.0
83.0 612.0
497.0 948.0
462.0 362.0
281.0 942.0
217.0 459.0
514.0 187.0
628.0 833.0
28.0 309.0
596.0 755.0
282.0 957.0
108.0 523.0
137.0 442.0
512.0 23.0
731.0 930.0
925.0 574.0
72.0 828.0
84.0 737.0
100.0 24.0
862.0 164.0
379.0 948.0
98.0 512.0
624.0 411.0
217.0 750.0
981.0 900.0
450.0 482.0
677.0 69.0
169.0 417.0
349.0 361.0
482.0 136.0
50.0 693.0