499
764.0 805.0
314.0 506.0
807.0 731.0
671.0 167.0
490.0 991.0
917.0 115.0
812.0 948.0
68.0 677.0
743.0 540.0
215.0 325.0
33.0 396.0
618.0 153.0
497.0 503.0
381.0 289.0
622.0 198.0
5.0 337.0
25.0 384.0
404.0 339.0
339.0 460.0
519.0 38.0
440.0 760.0
709.0 511.0
923.0 684.0
752.0 26.0
299.0 56.0
644.0 829.0
291.0 511.0
252.0 121.0
0.0 431.0
828.0 422.0
203.0 110.0
937.0 186.0
134.0 643.0
340.0 886.0
659.0 589.0
677.0 653.0
536.0 476.0
700.0 258.0
143.0 618.0
27.0 61.0
130.0 758.0
832.0 65.0
692.0 349.0
383.0 965.0
634.0 637.0
355.0 245.0
944.0 767.0
285.0 868.0
463.0 392.0
469.0 728.0
165.0 596.0
245.0 67.0
901.0 40.0
382.0 521.0
125.0 571.0
657.0 675.0
383.0 992.0
832.0 894.0
231.0 834.0
957.0 448.0
971.0 500.0
391.0 169.0
968.0 36.0
118.0 602.0
593.0 283.0
284.0 86.0
283.0 453.0
675.0 833.0
924.0 895.0
253.0 328.0
529.0 361.0
975.0 367.0
910.0 618.0
871.0 241.0
985.0 738.0
396.0 543.0
792.0 393.0
860.0 184.0
912.0 337.0
888.0 177.0
247.0 298.0
612.0 810.0
497.0 866.0
163.0 709.0
543.0 598.0
240.0 859.0
167.0 210.0
487.0 181.0
652.0 953.0
761.0 476.0
533.0 402.0
598.0 101.0
844.0 759.0
901.0 285.0
421.0 99.0
839.0 668.0
526.0 423.0
290.0 17.0
557.0 649.0
489.0 338.0
52.0 97.0
745.0 430.0
786.0 9.0
966.0 82.0
156.0 577.0
476.0 172.0
705.0 84.0
481.0 487.0
771.0 635.0
607.0 515.0
24.0 124.0
416.0 824.0
872.0 815.0
914.0 607.0
690.0 92.0
706.0 165.0
143.0 420.0
652.0 333.0
432.0 882.0
152.0 849.0
114.0 494.0
345.0 725.0
367.0 238.0
400.0 400.0
345.0 377.0
149.0 311.0
864.0 810.0
421.0 384.0
395.0 165.0
887.0 312.0
187.0 417.0
48.0 929.0
594.0 74.0
910.0 852.0
571.0 689.0
66.0 879.0
851.0 619.0
246.0 811.0
724.0 467.0
582.0 972.0
107.0 661.0
572.0 398.0
607.0 440.0
403.0 416.0
754.0 254.0
845.0 152.0
165.0 171.0
696.0 979.0
859.0 632.0
819.0 543.0
743.0 635.0
214.0 503.0
10.0 269.0
295.0 825.0
884.0 999.0
505.0 336.0
124.0 98.0
439.0 858.0
579.0 514.0
679.0 125.0
626.0 229.0
321.0 714.0
692.0 462.0
278.0 630.0
565.0 249.0
902.0 745.0
610.0 762.0
354.0 453.0
139.0 807.0
768.0 117.0
3.0 958.0
980.0 55.0
400.0 420.0
275.0 240.0
310.0 860.0
227.0 434.0
862.0 256.0
951.0 324.0
571.0 734.0
295.0 46.0
173.0 962.0
427.0 896.0
534.0 852.0
920.0 662.0
50.0 222.0
51.0 650.0
924.0 685.0
891.0 510.0
996.0 337.0
27.0 836.0
300.0 890.0
285.0 988.0
394.0 185.0
106.0 905.0
71.0 488.0
509.0 240.0
534.0 863.0
160.0 182.0
88.0 316.0
885.0 37.0
204.0 694.0
119.0 531.0
693.0 614.0
474.0 536.0
963.0 603.0
972.0 161.0
387.0 416.0
863.0 390.0
18.0 356.0
367.0 84.0
845.0 430.0
149.0 463.0
788.0 163.0
574.0 592.0
92.0 678.0
990.0 983.0
572.0 386.0
566.0 270.0
40.0 855.0
413.0 273.0
289.0 303.0
474.0 445.0
781.0 427.0
799.0 340.0
34.0 71.0
585.0 770.0
86.0 574.0
780.0 832.0
867.0 731.0
83.0 715.0
702.0 870.0
582.0 359.0
286.0 400.0
636.0 117.0
25.0 971.0
71.0 142.0
138.0 624.0
760.0 427.0
607.0 534.0
135.0 123.0
63.0 188.0
28.0 544.0
297.0 819.0
924.0 358.0
39.0 755.0
595.0 465.0
722.0 56.0
888.0 962.0
303.0 129.0
702.0 325.0
78.0 518.0
894.0 786.0
971.0 915.0
794.0 998.0
981.0 749.0
149.0 694.0
660.0 47.0
710.0 704.0
985.0 537.0
123.0 437.0
653.0 806.0
25.0 439.0
923.0 457.0
602.0 795.0
905.0 196.0
896.0 730.0
649.0 972.0
293.0 218.0
959.0 292.0
349.0 676.0
715.0 156.0
891.0 602.0
574.0 813.0
312.0 487.0
857.0 828.0
979.0 450.0
976.0 513.0
922.0 729.0
814.0 684.0
838.0 494.0
282.0 75.0
437.0 120.0
976.0 577.0
648.0 153.0
818.0 46.0
397.0 967.0
212.0 855.0
783.0 434.0
688.0 954.0
433.0 49.0
310.0 833.0
698.0 889.0
533.0 816.0
137.0 546.0
767.0 444.0
466.0 800.0
886.0 2.0
649.0 171.0
932.0 586.0
147.0 731.0
345.0 974.0
589.0 885.0
214.0 154.0
372.0 226.0
606.0 922.0
179.0 450.0
572.0 122.0
314.0 876.0
942.0 630.0
275.0 352.0
425.0 223.0
457.0 756.0
159.0 583.0
193.0 463.0
220.0 545.0
442.0 541.0
15.0 24.0
409.0 336.0
507.0 330.0
789.0 159.0
332.0 488.0
546.0 518.0
862.0 445.0
897.0 105.0
145.0 296.0
596.0 158.0
642.0 384.0
902.0 366.0
107.0 908.0
337.0 176.0
827.0 204.0
498.0 731.0
640.0 623.0
63.0 365.0
656.0 930.0
376.0 860.0
886.0 873.0
875.0 416.0
730.0 789.0
425.0 812.0
538.0 898.0
751.0 391.0
876.0 732.0
407.0 699.0
638.0 846.0
924.0 993.0
172.0 406.0
789.0 143.0
144.0 344.0
384.0 936.0
880.0 757.0
760.0 942.0
961.0 176.0
305.0 574.0
514.0 854.0
8.0 872.0
435.0 943.0
920.0 993.0
644.0 421.0
495.0 911.0
818.0 136.0
143.0 208.0
996.0 843.0
864.0 231.0
228.0 231.0
490.0 605.0
952.0 345.0
289.0 960.0
680.0 11.0
257.0 482.0
947.0 68.0
185.0 177.0
562.0 932.0
540.0 70.0
558.0 49.0
450.0 588.0
893.0 895.0
101.0 87.0
351.0 207.0
439.0 175.0
319.0 647.0
505.0 159.0
525.0 754.0
382.0 790.0
120.0 27.0
503.0 914.0
512.0 563.0
87.0 652.0
162.0 693.0
966.0 787.0
173.0 962.0
652.0 88.0
394.0 335.0
387.0 164.0
208.0 903.0
22.0 962.0
5.0 733.0
856.0 204.0
433.0 802.0
181.0 133.0
211.0 999.0
374.0 728.0
295.0 32.0
112.0 732.0
264.0 125.0
139.0 701.0
895.0 398.0
920.0 135.0
253.0 707.0
436.0 361.0
173.0 805.0
554.0 956.0
754.0 253.0
468.0 823.0
248.0 854.0
297.0 784.0
647.0 145.0
154.0 729.0
714.0 133.0
855.0 837.0
198.0 137.0
831.0 438.0
110.0 616.0
484.0 748.0
531.0 480.0
349.0 339.0
288.0 711.0
629.0 554.0
763.0 826.0
224.0 371.0
624.0 403.0
606.0 740.0
0.0 958.0
608.0 945.0
622.0 728.0
24.0 956.0
810.0 805.0
597.0 531.0
495.0 901.0
715.0 507.0
31.0 905.0
49.0 214.0
470.0 872.0
612.0 87.0
203.0 665.0
161.0 54.0
955.0 724.0
400.0 12.0
528.0 89.0
396.0 364.0
711.0 828.0
743.0 36.0
511.0 724.0
610.0 535.0
901.0 279.0
545.0 793.0
237.0 580.0
245.0 662.0
627.0 996.0
644.0 167.0
135.0 397.0
395.0 738.0
302.0 741.0
283.0 277.0
813.0 215.0
33.0 742.0
913.0 685.0
943.0 322.0
842.0 363.0
193.0 192.0
822.0 755.0
482.0 529.0
81.0 283.0
549.0 343.0
754.0 223.0
111.0 111.0
169.0 284.0
721.0 36.0
37.0 626.0
467.0 882.0
650.0 20.0
812.0 403.0
943.0 288.0
206.0 849.0
822.0 701.0
535.0 745.0
916.0 894.0
178.0 144.0
792.0 106.0
171.0 893.0
368.0 901.0
18.0 970.0
207.0 279.0
303.0 441.0
284.0 999.0
716.0 503.0
771.0 620.0
840.0 95.0
726.0 287.0