1000
62073.0 79965.0
22594.0 9701.0
94201.0 42214.0
92498.0 76948.0
32814.0 94323.0
72164.0 63841.0
24252.0 9933.0
95862.0 89315.0
48849.0 27913.0
91503.0 58653.0
20243.0 31021.0
13959.0 13844.0
49489.0 63548.0
74790.0 70411.0
80859.0 12160.0
56612.0 55006.0
94126.0 59091.0
94160.0 46872.0
74535.0 11370.0
35756.0 63249.0
78393.0 74207.0
48021.0 63495.0
91386.0 96409.0
10273.0 88503.0
61111.0 21466.0
19777.0 38200.0
67304.0 44517.0
58950.0 75701.0
20255.0 64713.0
67232.0 75397.0
11705.0 16079.0
87169.0 91721.0
68535.0 25852.0
75712.0 6945.0
1254.0 45347.0
14777.0 86635.0
16570.0 45163.0
47921.0 31993.0
25914.0 38519.0
6680.0 47117.0
3572.0 25336.0
23015.0 12372.0
40465.0 33772.0
43689.0 34685.0
46563.0 69232.0
22582.0 95605.0
30843.0 69930.0
19898.0 77120.0
50968.0 4204.0
76341.0 37557.0
58361.0 59941.0
43995.0 78486.0
41524.0 63402.0
48891.0 17163.0
98687.0 73404.0
94109.0 44122.0
25419.0 38614.0
87173.0 14789.0
4144.0 21142.0
72404.0 55521.0
71747.0 65573.0
83533.0 66318.0
78117.0 60805.0
82005.0 75415.0
92885.0 33238.0
76372.0 28776.0
23782.0 61668.0
36472.0 10055.0
90731.0 45809.0
75928.0 4241.0
52622.0 23259.0
62422.0 1010.0
26080.0 41705.0
91294.0 27071.0
13002.0 21015.0
30123.0 79316.0
21091.0 99324.0
74345.0 36645.0
89082.0 63028.0
31669.0 19843.0
99603.0 45839.0
64480.0 16078.0
80207.0 8789.0
67026.0 35697.0
86659.0 42612.0
58732.0 93855.0
84299.0 47847.0
37574.0 18503.0
68407.0 81701.0
56406.0 35894.0
56803.0 49988.0
17394.0 32330.0
88133.0 99400.0
30797.0 99023.0
75520.0 72171.0
48221.0 36248.0
5813.0 7242.0
84766.0 30395.0
7417.0 51690.0
95759.0 79049.0
1249.0 76166.0
3033.0 43976.0
40601.0 41078.0
71088.0 44175.0
19285.0 25053.0
44466.0 16830.0
53887.0 9327.0
81709.0 64952.0
32911.0 43165.0
44573.0 59262.0
95673.0 37695.0
21779.0 33897.0
383.0 86140.0
19249.0 78563.0
18023.0 14585.0
93777.0 67490.0
59848.0 93340.0
29030.0 76162.0
79774.0 42395.0
67194.0 49278.0
61373.0 24390.0
92566.0 57867.0
62753.0 73998.0
91232.0 6097.0
39620.0 4177.0
85919.0 38023.0
37801.0 30371.0
35098.0 43722.0
95094.0 69337.0
14910.0 68953.0
41983.0 5621.0
82142.0 2000.0
636.0 34954.0
93589.0 51424.0
16700.0 70219.0
54855.0 5671.0
34163.0 21812.0
33669.0 62545.0
78735.0 52084.0
56175.0 13226.0
67976.0 55190.0
57076.0 12830.0
13590.0 39146.0
30421.0 43920.0
71581.0 74357.0
95208.0 3987.0
91011.0 66418.0
40313.0 30024.0
57154.0 16931.0
46858.0 72021.0
63416.0 8568.0
68538.0 35486.0
76987.0 19162.0
52612.0 74531.0
79595.0 85365.0
59774.0 41558.0
62112.0 53792.0
38466.0 93399.0
81218.0 37386.0
70442.0 47438.0
25048.0 89251.0
81556.0 46756.0
51640.0 86500.0
58629.0 86430.0
29020.0 14044.0
1578.0 54774.0
21142.0 99384.0
22937.0 97368.0
86874.0 11821.0
75798.0 55.0
88922.0 36645.0
35026.0 3241.0
42479.0 17892.0
18477.0 84678.0
25458.0 62199.0
31420.0 25880.0
35243.0 79544.0
86694.0 91007.0
23585.0 87967.0
60296.0 68292.0
24816.0 69832.0
42457.0 48536.0
34841.0 82365.0
94535.0 27208.0
76467.0 95137.0
50880.0 66239.0
6687.0 67289.0
85613.0 49496.0
47737.0 30998.0
81400.0 1438.0
54858.0 77603.0
39471.0 80835.0
83259.0 18599.0
14241.0 72537.0
8772.0 42360.0
54821.0 48848.0
13282.0 11005.0
28122.0 70349.0
15655.0 46173.0
49960.0 80867.0
81386.0 97897.0
38117.0 62832.0
92192.0 68803.0
68948.0 10007.0
98019.0 41130.0
28040.0 39765.0
19470.0 70915.0
93735.0 84322.0
97483.0 87014.0
81097.0 80166.0
74595.0 59649.0
6240.0 3254.0
10197.0 53421.0
33137.0 4010.0
9506.0 41611.0
79296.0 67868.0
67652.0 23034.0
95498.0 52542.0
43103.0 37465.0
23403.0 18808.0
24528.0 3987.0
56353.0 10782.0
12962.0 31084.0
12584.0 50314.0
61727.0 62726.0
80611.0 95547.0
51491.0 56592.0
92.0 11881.0
73580.0 28908.0
68131.0 84611.0
15342.0 73468.0
8883.0 52487.0
3012.0 82664.0
75538.0 62878.0
14305.0 62734.0
8599.0 50257.0
49444.0 68806.0
7461.0 18700.0
62569.0 74705.0
99414.0 6190.0
1564.0 61918.0
48467.0 30666.0
57576.0 48152.0
96255.0 38941.0
36462.0 5552.0
38100.0 43596.0
51441.0 87042.0
4613.0 76633.0
15758.0 3878.0
79362.0 83073.0
81897.0 98966.0
71642.0 55958.0
72419.0 10359.0
69819.0 19348.0
87080.0 92358.0
33365.0 31746.0
14596.0 56160.0
58652.0 43240.0
21110.0 69229.0
91212.0 72295.0
47964.0 94218.0
11527.0 7096.0
71342.0 82386.0
54714.0 70245.0
97319.0 16297.0
91646.0 40638.0
28765.0 65381.0
93721.0 13658.0
85362.0 36345.0
68869.0 68299.0
42659.0 38847.0
95977.0 47195.0
17309.0 3873.0
83779.0 35336.0
64624.0 52164.0
69959.0 7770.0
64540.0 32209.0
96865.0 7613.0
25960.0 59713.0
39254.0 32544.0
26929.0 75781.0
23785.0 99336.0
93535.0 92847.0
95353.0 58865.0
44756.0 57281.0
45671.0 53251.0
34813.0 43760.0
22774.0 17773.0
81131.0 27220.0
1835.0 78944.0
37819.0 18191.0
32756.0 7242.0
6129.0 34903.0
46181.0 94254.0
60868.0 5090.0
50205.0 98909.0
56434.0 49773.0
17799.0 87731.0
24756.0 20937.0
91164.0 30320.0
57805.0 66370.0
4678.0 46833.0
52796.0 35117.0
88896.0 58282.0
36016.0 86958.0
5657.0 73827.0
93883.0 90084.0
11511.0 54060.0
24095.0 26417.0
11448.0 74558.0
74214.0 78377.0
63635.0 47792.0
84462.0 60822.0
11293.0 115.0
96576.0 21669.0
34152.0 63594.0
91521.0 79986.0
17766.0 45545.0
21090.0 97803.0
56139.0 54248.0
48786.0 98947.0
20464.0 32324.0
30932.0 69685.0
46548.0 82228.0
34091.0 5555.0
68253.0 58659.0
78993.0 54026.0
9628.0 25966.0
7079.0 38900.0
30447.0 40571.0
64231.0 73529.0
25823.0 96660.0
77397.0 4482.0
13770.0 80063.0
73332.0 12381.0
35803.0 99355.0
83445.0 70630.0
58709.0 217.0
97001.0 71224.0
30991.0 19284.0
99064.0 5232.0
4729.0 80303.0
40427.0 49657.0
16348.0 11914.0
6883.0 48250.0
89344.0 61440.0
48332.0 29464.0
34055.0 94657.0
73612.0 34697.0
7926.0 56966.0
90486.0 12343.0
94708.0 14902.0
70843.0 42700.0
35819.0 15220.0
5440.0 33984.0
21196.0 33763.0
71530.0 5437.0
94255.0 87511.0
52278.0 91147.0
80759.0 99449.0
20453.0 90333.0
6644.0 75735.0
57076.0 53398.0
44130.0 33797.0
8362.0 22169.0
82223.0 59252.0
14283.0 54445.0
29850.0 89325.0
74794.0 99785.0
35831.0 5323.0
83035.0 58049.0
45615.0 83762.0
4230.0 88717.0
69860.0 11983.0
88279.0 47250.0
46194.0 37710.0
58706.0 48592.0
92112.0 94770.0
90083.0 65192.0
81014.0 53525.0
76948.0 64359.0
7545.0 45564.0
57624.0 58419.0
2578.0 45013.0
4005.0 39152.0
39804.0 75696.0
63135.0 70352.0
63356.0 35511.0
21934.0 65557.0
78619.0 8139.0
90609.0 35332.0
79535.0 36669.0
58444.0 74728.0
66840.0 61766.0
76381.0 5056.0
68582.0 20644.0
5517.0 59814.0
33079.0 71729.0
90242.0 25181.0
21278.0 45313.0
2224.0 90198.0
71423.0 64376.0
7727.0 46495.0
86583.0 62917.0
59752.0 27817.0
39641.0 36319.0
53610.0 29332.0
98643.0 65499.0
50329.0 84089.0
4271.0 23239.0
30502.0 55476.0
23605.0 76166.0
84921.0 67980.0
99278.0 29257.0
54026.0 42656.0
71011.0 10598.0
16912.0 24655.0
21732.0 73943.0
45585.0 95588.0
54500.0 55473.0
80824.0 21117.0
83938.0 48319.0
8068.0 89782.0
66691.0 34683.0
59933.0 78103.0
4922.0 14601.0
75425.0 822.0
88585.0 28720.0
3933.0 38730.0
85377.0 6134.0
69975.0 35502.0
57062.0 58167.0
13416.0 19470.0
40110.0 4673.0
51943.0 35442.0
38472.0 37966.0
42272.0 92452.0
43161.0 51679.0
18980.0 10526.0
75105.0 67218.0
25210.0 53813.0
8252.0 16256.0
65395.0 9884.0
32037.0 63382.0
52571.0 57239.0
47765.0 48237.0
43979.0 18813.0
60841.0 51208.0
2268.0 8520.0
20737.0 94506.0
97078.0 63485.0
94949.0 14897.0
5958.0 93234.0
7650.0 10899.0
16590.0 23969.0
22354.0 71795.0
28822.0 44232.0
21882.0 23904.0
61120.0 90681.0
71277.0 29771.0
10329.0 13285.0
60205.0 75746.0
44108.0 30304.0
60657.0 55246.0
26448.0 37937.0
24482.0 13317.0
69122.0 67097.0
36960.0 93997.0
35853.0 57565.0
66050.0 58222.0
40901.0 37489.0
14043.0 90611.0
99700.0 80387.0
4311.0 7581.0
19308.0 17250.0
95364.0 47459.0
68027.0 361.0
26670.0 67465.0
45916.0 66475.0
15779.0 87292.0
61769.0 61212.0
94389.0 29416.0
14830.0 47898.0
67869.0 18102.0
52794.0 84983.0
77757.0 8646.0
21359.0 77444.0
46270.0 61732.0
92984.0 31355.0
64984.0 99370.0
20122.0 26825.0
77840.0 5106.0
52803.0 73814.0
46971.0 81910.0
65599.0 46322.0
48065.0 19654.0
64650.0 68734.0
55645.0 46693.0
5536.0 69109.0
84641.0 43425.0
41263.0 14805.0
65302.0 68141.0
49870.0 68109.0
73825.0 41629.0
8391.0 49636.0
1504.0 37149.0
90735.0 43715.0
89620.0 29741.0
70391.0 4193.0
4057.0 15485.0
24699.0 11722.0
66769.0 31169.0
76407.0 75339.0
94687.0 15890.0
53754.0 47676.0
92430.0 6049.0
51922.0 21290.0
35794.0 80696.0
90887.0 81728.0
77990.0 76847.0
36004.0 12753.0
3252.0 55240.0
66799.0 53445.0
83444.0 45992.0
32282.0 73278.0
71404.0 95538.0
91954.0 40902.0
31157.0 92961.0
96949.0 93238.0
55486.0 96385.0
5921.0 71365.0
55978.0 38603.0
68743.0 2283.0
73236.0 33980.0
35774.0 23505.0
21075.0 33968.0
54963.0 51960.0
77688.0 29216.0
84606.0 87234.0
82260.0 7350.0
85713.0 16256.0
60311.0 77800.0
69289.0 31289.0
1587.0 52569.0
47687.0 77428.0
80383.0 12232.0
34840.0 11555.0
45975.0 58802.0
39184.0 37740.0
59905.0 1931.0
43286.0 89588.0
84202.0 95060.0
30649.0 44458.0
73871.0 313.0
43872.0 24046.0
84440.0 2923.0
93950.0 39292.0
83518.0 78709.0
85764.0 26265.0
93805.0 36253.0
16433.0 58361.0
19045.0 73177.0
91909.0 24522.0
22234.0 4394.0
87219.0 23488.0
35900.0 17050.0
89748.0 25406.0
6289.0 29646.0
79224.0 43678.0
46909.0 90472.0
82968.0 68381.0
93060.0 67035.0
35751.0 15942.0
46150.0 44811.0
26855.0 64121.0
60073.0 98721.0
62583.0 96152.0
16565.0 91817.0
26346.0 1262.0
42648.0 25512.0
38451.0 60412.0
71402.0 92189.0
23580.0 73346.0
73578.0 32178.0
28791.0 54822.0
1383.0 11455.0
44907.0 65763.0
43772.0 46075.0
22416.0 42609.0
51091.0 75296.0
47797.0 54573.0
2442.0 9274.0
69694.0 38406.0
49554.0 47500.0
11372.0 38499.0
80019.0 74368.0
60789.0 18868.0
91566.0 24872.0
64114.0 71731.0
77659.0 50485.0
727.0 48471.0
61233.0 80947.0
2941.0 73845.0
56740.0 4671.0
50363.0 7442.0
29800.0 12422.0
24148.0 41002.0
31091.0 67132.0
91049.0 17814.0
45153.0 79062.0
75759.0 90942.0
62801.0 1412.0
84507.0 5691.0
16013.0 49230.0
17338.0 26791.0
58631.0 14314.0
20350.0 37700.0
84030.0 23.0
25970.0 71205.0
89056.0 89114.0
54958.0 29.0
24041.0 88850.0
90182.0 94018.0
5770.0 71418.0
93564.0 542.0
13445.0 93498.0
22199.0 61074.0
19925.0 81546.0
88811.0 42918.0
34602.0 54117.0
56055.0 34033.0
47569.0 73094.0
29518.0 9602.0
18067.0 37601.0
74637.0 7305.0
74740.0 60928.0
83500.0 85477.0
93051.0 55448.0
25200.0 54283.0
4050.0 34792.0
92796.0 94511.0
77251.0 17934.0
32807.0 72083.0
73442.0 65030.0
82249.0 65449.0
63210.0 67071.0
623.0 7206.0
94143.0 66492.0
30446.0 18437.0
71123.0 10852.0
33460.0 39188.0
67108.0 89574.0
83929.0 84703.0
18786.0 84236.0
31445.0 57592.0
56334.0 53627.0
55468.0 73888.0
35454.0 69413.0
67108.0 92789.0
45950.0 21963.0
84215.0 44887.0
19440.0 86226.0
60324.0 23960.0
97300.0 416.0
31455.0 84128.0
54754.0 36115.0
8233.0 42042.0
19668.0 31647.0
16474.0 20991.0
54849.0 37346.0
27226.0 45693.0
58628.0 5478.0
74864.0 43331.0
38171.0 82450.0
74194.0 13004.0
34060.0 82541.0
34907.0 66917.0
61985.0 10768.0
46394.0 28157.0
66388.0 94183.0
71111.0 70632.0
42150.0 12260.0
92176.0 6512.0
83848.0 34623.0
95474.0 38168.0
40797.0 40046.0
44228.0 86414.0
1111.0 33917.0
30092.0 24109.0
79102.0 38059.0
1141.0 38188.0
16783.0 85345.0
88120.0 69447.0
66273.0 4878.0
76503.0 65223.0
54531.0 14884.0
99017.0 2353.0
65024.0 72649.0
97359.0 28104.0
79845.0 96283.0
84965.0 1407.0
76473.0 7204.0
27445.0 17887.0
90827.0 97141.0
3749.0 94449.0
34314.0 70658.0
82896.0 85482.0
24301.0 68570.0
14258.0 16048.0
31059.0 92929.0
83581.0 92396.0
87844.0 48331.0
96617.0 91246.0
42327.0 87799.0
91336.0 65111.0
33357.0 63142.0
13752.0 4232.0
10778.0 55575.0
72017.0 2085.0
43012.0 34753.0
97918.0 31621.0
49027.0 38092.0
57352.0 29848.0
94473.0 42252.0
89966.0 30165.0
4955.0 35323.0
36241.0 36479.0
3389.0 8145.0
58444.0 87508.0
49869.0 34755.0
93409.0 4978.0
70981.0 51861.0
22222.0 74502.0
57763.0 2237.0
77150.0 31378.0
28166.0 65622.0
57627.0 64858.0
23663.0 6013.0
16610.0 51596.0
24327.0 65068.0
96079.0 31914.0
7423.0 23025.0
43415.0 44725.0
95537.0 14122.0
46069.0 75543.0
52582.0 799.0
63516.0 1068.0
95953.0 60603.0
81483.0 84718.0
61753.0 48840.0
38814.0 82780.0
75189.0 89447.0
63713.0 57063.0
29647.0 11721.0
97887.0 21433.0
74698.0 69421.0
67609.0 35650.0
24416.0 50839.0
37875.0 83232.0
38372.0 43336.0
66024.0 57034.0
77703.0 90368.0
50749.0 99641.0
38902.0 1485.0
93299.0 14132.0
36960.0 2958.0
57654.0 56022.0
46613.0 15624.0
62067.0 17470.0
40841.0 7780.0
77926.0 15827.0
51608.0 43940.0
21233.0 82834.0
78372.0 9376.0
94920.0 44821.0
20282.0 83234.0
91497.0 15778.0
34227.0 11578.0
98026.0 20877.0
41782.0 57566.0
78699.0 13291.0
41659.0 19841.0
5802.0 92020.0
714.0 65006.0
80533.0 26740.0
12961.0 86978.0
72441.0 37198.0
9972.0 27780.0
49273.0 19309.0
7439.0 88482.0
13595.0 37129.0
83511.0 41097.0
55165.0 33138.0
26127.0 51488.0
10149.0 97405.0
63991.0 28226.0
81974.0 54984.0
43214.0 10198.0
7005.0 44362.0
11256.0 98957.0
33131.0 23836.0
93082.0 66935.0
73662.0 895.0
83106.0 45986.0
42136.0 9769.0
86340.0 50288.0
98480.0 80175.0
77791.0 86323.0
4039.0 87152.0
40767.0 32872.0
25203.0 48635.0
72603.0 64494.0
45112.0 53022.0
34014.0 23105.0
22837.0 94701.0
90467.0 70359.0
10042.0 74507.0
62681.0 78071.0
43863.0 23224.0
67270.0 60433.0
44527.0 9207.0
54600.0 81021.0
54955.0 2395.0
2582.0 69204.0
74507.0 36846.0
49318.0 88645.0
51224.0 65437.0
38440.0 92757.0
15861.0 83778.0
54606.0 25750.0
23284.0 73999.0
2351.0 85570.0
73157.0 99669.0
92513.0 23797.0
77800.0 94511.0
66596.0 23461.0
5539.0 24398.0
88286.0 94207.0
34096.0 95201.0
28801.0 72510.0
62094.0 70080.0
18856.0 72522.0
38904.0 10486.0
65312.0 79371.0
24338.0 95688.0
18692.0 58313.0
77887.0 60390.0
95584.0 21026.0
53744.0 52685.0
49271.0 44071.0
39383.0 20503.0
7520.0 65331.0
80761.0 32352.0
28171.0 96264.0
91042.0 82357.0
94690.0 19464.0
46003.0 5787.0
30794.0 50861.0
68630.0 81785.0
77929.0 32709.0
95154.0 99492.0
10721.0 20270.0
65850.0 30053.0
28634.0 52682.0
4735.0 74792.0
44894.0 53055.0
16294.0 81508.0
17374.0 37198.0
59061.0 88802.0
51410.0 21741.0
45830.0 80588.0
28350.0 35.0
92030.0 43379.0
14768.0 30720.0
24503.0 89981.0
55557.0 80695.0
93497.0 1161.0
52651.0 64537.0
4808.0 55776.0
79873.0 21870.0
38775.0 13882.0
23195.0 80146.0
50746.0 76234.0
52354.0 490.0
94233.0 91783.0
66936.0 45410.0
86624.0 9592.0
46297.0 88229.0
92019.0 64668.0
56157.0 89240.0
82687.0 17075.0
58938.0 51187.0
8620.0 79084.0
10598.0 23037.0
65871.0 22059.0
48026.0 46691.0
73723.0 21430.0
56434.0 66868.0
69943.0 99709.0
6000.0 8284.0
59435.0 20773.0
70721.0 82235.0
28244.0 44239.0
11383.0 8514.0
16279.0 50249.0
82582.0 84521.0
37682.0 38000.0
23082.0 44208.0
206.0 22176.0
70645.0 5520.0
92849.0 6139.0
57735.0 22652.0
25551.0 98322.0
59077.0 50778.0
9025.0 91442.0
38124.0 63896.0
73774.0 47277.0
22864.0 29612.0
29445.0 79684.0
17693.0 95117.0
35245.0 66639.0
25918.0 53351.0
6452.0 5353.0
4955.0 25247.0
87811.0 12250.0
1725.0 15332.0
87635.0 24610.0
20877.0 48718.0
10584.0 49631.0
64347.0 7126.0
84667.0 81180.0
45883.0 73360.0
2630.0 51798.0
39273.0 83017.0
30905.0 24203.0
205.0 65882.0
54105.0 98689.0
30585.0 8678.0
90600.0 18993.0
33520.0 43126.0
50352.0 14.0
91425.0 71150.0
85304.0 62326.0
68400.0 60844.0
82553.0 6548.0
85238.0 8348.0
61162.0 6798.0
91775.0 58779.0
77304.0 83314.0
83153.0 57446.0
53842.0 72248.0
20492.0 56286.0
34912.0 5588.0
86413.0 22042.0
81811.0 51260.0
47372.0 17993.0
99479.0 8976.0
1574.0 27427.0
95366.0 36074.0
88853.0 92810.0
56982.0 24547.0
1850.0 8610.0
50802.0 80734.0
71901.0 45418.0
24871.0 21366.0
91212.0 51447.0
33812.0 3328.0
64607.0 51660.0
95173.0 69308.0
40476.0 3863.0
7097.0 46366.0
16501.0 55754.0
52318.0 49331.0
43919.0 2677.0
98143.0 20402.0
21086.0 8061.0
21332.0 12224.0
53324.0 31707.0
70263.0 75712.0
75737.0 80755.0
82775.0 31605.0
48733.0 65999.0
67973.0 44757.0
62280.0 61336.0
95820.0 33933.0
17162.0 90705.0
21086.0 24459.0
71758.0 47120.0
39721.0 10700.0
95713.0 90137.0
90952.0 93762.0
37297.0 26136.0
18005.0 72864.0
3248.0 47547.0
53309.0 44550.0
37112.0 25386.0
23628.0 9476.0
81128.0 65988.0
11975.0 78477.0
71149.0 60183.0
