305
786.0 794.0
773.0 923.0
541.0 172.0
371.0 903.0
147.0 920.0
375.0 520.0
978.0 320.0
513.0 851.0
39.0 855.0
845.0 382.0
68.0 829.0
961.0 203.0
109.0 415.0
467.0 979.0
504.0 214.0
567.0 673.0
26.0 354.0
997.0 108.0
518.0 178.0
545.0 311.0
592.0 123.0
332.0 809.0
728.0 555.0
128.0 677.0
378.0 352.0
521.0 541.0
802.0 250.0
367.0 200.0
741.0 130.0
64.0 981.0
355.0 710.0
698.0 66.0
257.0 514.0
382.0 830.0
587.0 324.0
296.0 591.0
238.0 131.0
635.0 168.0
563.0 797.0
650.0 3.0
759.0 988.0
17.0 767.0
591.0 693.0
233.0 246.0
129.0 45.0
562.0 622.0
566.0 887.0
859.0 642.0
964.0 142.0
61.0 580.0
936.0 44.0
77.0 897.0
360.0 501.0
240.0 153.0
999.0 315.0
162.0 737.0
897.0 662.0
687.0 23.0
878.0 607.0
698.0 425.0
180.0 738.0
948.0 835.0
84.0 142.0
307.0 723.0
447.0 979.0
740.0 714.0
378.0 790.0
308.0 666.0
604.0 243.0
392.0 822.0
664.0 832.0
308.0 411.0
246.0 722.0
384.0 49.0
267.0 479.0
623.0 781.0
1.0 903.0
169.0 543.0
730.0 807.0
561.0 738.0
494.0 107.0
704.0 973.0
676.0 48.0
208.0 142.0
164.0 347.0
189.0 70.0
811.0 1.0
365.0 788.0
480.0 244.0
553.0 842.0
147.0 863.0
443.0 398.0
797.0 559.0
407.0 406.0
435.0 518.0
726.0 244.0
676.0 268.0
742.0 297.0
626.0 84.0
173.0 848.0
685.0 192.0
132.0 538.0
570.0 410.0
129.0 290.0
987.0 305.0
980.0 29.0
569.0 948.0
227.0 192.0
516.0 246.0
697.0 885.0
843.0 494.0
641.0 955.0
486.0 313.0
360.0 648.0
304.0 598.0
632.0 830.0
931.0 502.0
817.0 816.0
300.0 711.0
923.0 688.0
349.0 843.0
102.0 126.0
193.0 977.0
138.0 694.0
58.0 424.0
562.0 447.0
262.0 499.0
259.0 332.0
376.0 334.0
283.0 969.0
939.0 852.0
93.0 3.0
521.0 490.0
369.0 163.0
650.0 395.0
71.0 81.0
984.0 984.0
684.0 818.0
671.0 492.0
173.0 790.0
234.0 753.0
184.0 432.0
32.0 363.0
907.0 115.0
414.0 879.0
884.0 597.0
782.0 944.0
671.0 626.0
93.0 942.0
558.0 752.0
450.0 282.0
138.0 275.0
34.0 243.0
512.0 748.0
40.0 558.0
231.0 18.0
993.0 694.0
94.0 837.0
950.0 64.0
427.0 931.0
492.0 601.0
189.0 122.0
365.0 38.0
811.0 777.0
169.0 800.0
605.0 19.0
311.0 954.0
984.0 840.0
996.0 784.0
472.0 465.0
15.0 46.0
53.0 88.0
395.0 210.0
240.0 458.0
403.0 495.0
543.0 98.0
965.0 695.0
236.0 644.0
109.0 555.0
132.0 50.0
810.0 562.0
595.0 302.0
213.0 709.0
700.0 341.0
421.0 27.0
38.0 340.0
296.0 830.0
379.0 698.0
92.0 752.0
338.0 66.0
268.0 843.0
420.0 491.0
326.0 308.0
939.0 277.0
905.0 787.0
231.0 210.0
675.0 946.0
346.0 951.0
1.0 600.0
139.0 726.0
944.0 840.0
280.0 122.0
664.0 635.0
380.0 109.0
616.0 334.0
240.0 129.0
108.0 369.0
430.0 961.0
235.0 150.0
16.0 260.0
53.0 834.0
87.0 718.0
810.0 483.0
552.0 178.0
669.0 102.0
136.0 399.0
24.0 900.0
96.0 982.0
785.0 920.0
780.0 445.0
578.0 472.0
886.0 324.0
191.0 437.0
824.0 418.0
712.0 768.0
366.0 994.0
581.0 427.0
297.0 960.0
137.0 554.0
887.0 25.0
48.0 324.0
976.0 52.0
34.0 114.0
20.0 844.0
633.0 290.0
80.0 135.0
919.0 640.0
384.0 886.0
217.0 586.0
910.0 208.0
224.0 974.0
560.0 405.0
270.0 963.0
504.0 197.0
789.0 657.0
221.0 923.0
971.0 870.0
902.0 121.0
450.0 973.0
383.0 97.0
332.0 357.0
468.0 212.0
419.0 643.0
506.0 755.0
342.0 933.0
189.0 465.0
32.0 645.0
852.0 825.0
835.0 14.0
545.0 80.0
90.0 230.0
556.0 809.0
780.0 519.0
463.0 410.0
340.0 787.0
268.0 936.0
484.0 532.0
891.0 355.0
962.0 326.0
424.0 616.0
675.0 538.0
585.0 159.0
796.0 903.0
413.0 704.0
504.0 975.0
959.0 71.0
372.0 699.0
18.0 257.0
622.0 804.0
958.0 282.0
899.0 855.0
17.0 557.0
343.0 644.0
522.0 239.0
247.0 676.0
214.0 672.0
531.0 636.0
637.0 303.0
680.0 90.0
614.0 641.0
66.0 619.0
455.0 429.0
390.0 734.0
625.0 647.0
893.0 345.0
368.0 839.0
396.0 806.0
513.0 573.0
472.0 465.0
676.0 276.0
888.0 609.0
896.0 616.0
291.0 600.0
606.0 565.0
648.0 577.0