337
821.0 371.0
256.0 891.0
972.0 771.0
424.0 114.0
695.0 776.0
524.0 275.0
760.0 989.0
995.0 257.0
58.0 362.0
899.0 592.0
114.0 993.0
752.0 915.0
386.0 962.0
801.0 650.0
287.0 443.0
294.0 567.0
281.0 256.0
133.0 227.0
427.0 155.0
932.0 434.0
384.0 536.0
369.0 640.0
366.0 927.0
726.0 822.0
471.0 190.0
280.0 669.0
209.0 995.0
750.0 494.0
768.0 331.0
582.0 147.0
241.0 682.0
955.0 878.0
671.0 647.0
67.0 284.0
467.0 91.0
173.0 693.0
52.0 406.0
888.0 690.0
702.0 134.0
758.0 619.0
94.0 190.0
23.0 181.0
371.0 183.0
346.0 477.0
601.0 285.0
398.0 460.0
136.0 400.0
679.0 230.0
649.0 452.0
812.0 192.0
968.0 808.0
725.0 550.0
708.0 576.0
483.0 238.0
340.0 407.0
183.0 948.0
860.0 557.0
228.0 571.0
909.0 521.0
856.0 389.0
474.0 291.0
901.0 511.0
814.0 577.0
199.0 436.0
683.0 779.0
110.0 797.0
62.0 885.0
786.0 993.0
727.0 425.0
566.0 559.0
284.0 110.0
342.0 445.0
52.0 505.0
306.0 291.0
817.0 782.0
93.0 322.0
415.0 675.0
327.0 58.0
833.0 489.0
989.0 100.0
770.0 432.0
379.0 69.0
945.0 886.0
448.0 68.0
814.0 156.0
31.0 897.0
610.0 134.0
142.0 585.0
843.0 828.0
375.0 90.0
436.0 609.0
820.0 439.0
291.0 87.0
743.0 416.0
627.0 373.0
143.0 122.0
834.0 127.0
799.0 254.0
317.0 8.0
545.0 785.0
536.0 855.0
488.0 328.0
490.0 603.0
995.0 245.0
364.0 51.0
645.0 474.0
314.0 791.0
281.0 353.0
906.0 653.0
330.0 685.0
682.0 633.0
121.0 889.0
446.0 956.0
880.0 691.0
55.0 847.0
915.0 949.0
847.0 588.0
934.0 752.0
848.0 49.0
249.0 732.0
884.0 378.0
809.0 753.0
847.0 859.0
920.0 195.0
545.0 551.0
292.0 438.0
408.0 727.0
501.0 262.0
99.0 754.0
224.0 480.0
161.0 349.0
977.0 755.0
991.0 456.0
181.0 725.0
512.0 757.0
717.0 948.0
166.0 685.0
998.0 729.0
703.0 673.0
6.0 322.0
564.0 218.0
857.0 493.0
507.0 309.0
153.0 468.0
220.0 887.0
268.0 418.0
64.0 480.0
671.0 880.0
765.0 463.0
305.0 292.0
462.0 563.0
178.0 830.0
879.0 504.0
810.0 384.0
39.0 686.0
206.0 10.0
782.0 114.0
741.0 864.0
910.0 447.0
104.0 864.0
614.0 637.0
864.0 587.0
672.0 12.0
18.0 120.0
972.0 93.0
213.0 895.0
702.0 5.0
780.0 585.0
243.0 511.0
255.0 729.0
665.0 357.0
180.0 783.0
980.0 387.0
107.0 81.0
444.0 152.0
127.0 14.0
236.0 145.0
56.0 409.0
350.0 140.0
549.0 574.0
769.0 6.0
638.0 588.0
988.0 177.0
376.0 783.0
613.0 246.0
58.0 17.0
66.0 787.0
901.0 380.0
673.0 49.0
216.0 806.0
619.0 476.0
81.0 42.0
691.0 120.0
887.0 343.0
428.0 468.0
84.0 199.0
200.0 494.0
432.0 22.0
773.0 739.0
105.0 653.0
121.0 41.0
191.0 586.0
143.0 203.0
859.0 710.0
866.0 824.0
824.0 946.0
758.0 728.0
266.0 191.0
766.0 684.0
994.0 921.0
47.0 169.0
955.0 975.0
396.0 761.0
159.0 385.0
819.0 926.0
251.0 838.0
492.0 827.0
922.0 826.0
378.0 257.0
892.0 792.0
674.0 843.0
551.0 929.0
977.0 255.0
886.0 769.0
394.0 706.0
749.0 747.0
700.0 214.0
111.0 665.0
841.0 146.0
823.0 530.0
275.0 318.0
194.0 807.0
674.0 858.0
158.0 955.0
273.0 882.0
188.0 279.0
870.0 736.0
0.0 432.0
567.0 478.0
521.0 246.0
946.0 614.0
612.0 513.0
765.0 488.0
315.0 82.0
653.0 879.0
891.0 987.0
10.0 416.0
675.0 620.0
478.0 600.0
488.0 979.0
198.0 178.0
78.0 783.0
409.0 81.0
32.0 793.0
446.0 528.0
8.0 24.0
843.0 228.0
19.0 760.0
384.0 802.0
747.0 589.0
809.0 234.0
624.0 826.0
570.0 511.0
337.0 344.0
149.0 546.0
628.0 517.0
631.0 115.0
845.0 964.0
416.0 148.0
251.0 762.0
25.0 801.0
678.0 780.0
424.0 951.0
253.0 410.0
855.0 256.0
772.0 928.0
699.0 873.0
122.0 689.0
592.0 960.0
880.0 240.0
50.0 957.0
566.0 693.0
286.0 203.0
24.0 425.0
911.0 291.0
589.0 758.0
668.0 582.0
416.0 773.0
558.0 517.0
95.0 53.0
376.0 615.0
273.0 109.0
135.0 358.0
605.0 494.0
945.0 30.0
365.0 184.0
650.0 291.0
1.0 664.0
449.0 670.0
112.0 186.0
49.0 859.0
754.0 873.0
571.0 930.0
313.0 720.0
625.0 33.0
141.0 236.0
5.0 42.0
158.0 336.0
864.0 78.0
244.0 140.0
503.0 278.0
787.0 564.0
256.0 153.0
651.0 848.0
498.0 735.0
83.0 149.0
178.0 240.0
477.0 743.0
762.0 234.0
141.0 937.0
884.0 750.0
915.0 675.0
268.0 782.0
320.0 702.0
203.0 997.0
820.0 344.0
240.0 146.0
438.0 767.0
529.0 515.0
678.0 451.0
279.0 330.0
900.0 188.0
743.0 654.0
683.0 452.0
341.0 137.0
480.0 507.0
219.0 673.0