378
991.0 939.0
340.0 391.0
925.0 989.0
369.0 898.0
644.0 814.0
815.0 563.0
145.0 182.0
696.0 963.0
299.0 789.0
520.0 812.0
482.0 279.0
4.0 212.0
731.0 397.0
976.0 420.0
720.0 296.0
806.0 63.0
892.0 10.0
147.0 794.0
452.0 99.0
635.0 895.0
889.0 932.0
925.0 389.0
482.0 844.0
505.0 927.0
263.0 821.0
181.0 247.0
536.0 378.0
279.0 855.0
307.0 479.0
437.0 276.0
517.0 173.0
704.0 880.0
168.0 321.0
135.0 890.0
754.0 487.0
680.0 44.0
566.0 224.0
649.0 729.0
276.0 229.0
901.0 873.0
603.0 727.0
170.0 786.0
231.0 773.0
102.0 708.0
614.0 57.0
954.0 466.0
196.0 552.0
743.0 432.0
518.0 371.0
829.0 333.0
11.0 662.0
883.0 926.0
215.0 213.0
400.0 964.0
1.0 574.0
552.0 924.0
852.0 495.0
586.0 834.0
611.0 61.0
566.0 497.0
677.0 182.0
148.0 472.0
145.0 364.0
551.0 404.0
315.0 46.0
761.0 950.0
819.0 900.0
656.0 801.0
655.0 63.0
966.0 515.0
583.0 82.0
934.0 157.0
182.0 857.0
530.0 737.0
736.0 469.0
506.0 263.0
127.0 89.0
623.0 660.0
992.0 901.0
917.0 279.0
394.0 36.0
766.0 233.0
22.0 700.0
604.0 489.0
242.0 737.0
263.0 233.0
616.0 518.0
692.0 552.0
92.0 41.0
934.0 165.0
794.0 42.0
678.0 637.0
413.0 144.0
630.0 793.0
141.0 960.0
596.0 271.0
136.0 539.0
810.0 347.0
505.0 442.0
929.0 129.0
349.0 600.0
886.0 850.0
674.0 237.0
461.0 697.0
522.0 411.0
354.0 561.0
214.0 359.0
39.0 293.0
118.0 669.0
206.0 971.0
932.0 96.0
664.0 541.0
192.0 301.0
679.0 606.0
710.0 563.0
454.0 630.0
116.0 929.0
176.0 162.0
71.0 3.0
277.0 459.0
357.0 243.0
913.0 153.0
398.0 784.0
711.0 259.0
492.0 422.0
732.0 638.0
305.0 281.0
565.0 16.0
335.0 759.0
914.0 944.0
66.0 522.0
820.0 868.0
722.0 158.0
729.0 901.0
237.0 949.0
57.0 691.0
593.0 628.0
673.0 817.0
463.0 970.0
652.0 533.0
435.0 5.0
553.0 486.0
32.0 320.0
944.0 202.0
232.0 637.0
198.0 267.0
249.0 219.0
481.0 646.0
692.0 396.0
885.0 416.0
22.0 838.0
420.0 436.0
249.0 460.0
612.0 549.0
21.0 0.0
834.0 829.0
712.0 759.0
276.0 304.0
621.0 905.0
860.0 304.0
232.0 411.0
97.0 565.0
112.0 867.0
0.0 817.0
365.0 135.0
791.0 741.0
432.0 251.0
642.0 411.0
2.0 597.0
55.0 666.0
949.0 902.0
699.0 351.0
950.0 704.0
575.0 607.0
268.0 542.0
750.0 925.0
963.0 997.0
733.0 425.0
521.0 125.0
893.0 32.0
289.0 355.0
909.0 298.0
182.0 479.0
599.0 156.0
151.0 228.0
637.0 922.0
737.0 521.0
85.0 937.0
826.0 716.0
736.0 158.0
241.0 478.0
880.0 135.0
460.0 415.0
687.0 964.0
385.0 454.0
549.0 320.0
302.0 532.0
737.0 106.0
140.0 750.0
488.0 51.0
661.0 838.0
660.0 291.0
606.0 37.0
595.0 325.0
736.0 239.0
489.0 147.0
665.0 314.0
424.0 767.0
999.0 804.0
427.0 744.0
885.0 617.0
922.0 813.0
654.0 262.0
280.0 145.0
133.0 349.0
888.0 3.0
999.0 885.0
926.0 952.0
297.0 28.0
666.0 807.0
763.0 932.0
446.0 25.0
622.0 208.0
393.0 372.0
457.0 290.0
845.0 699.0
183.0 754.0
906.0 763.0
349.0 805.0
845.0 475.0
991.0 879.0
956.0 649.0
474.0 150.0
376.0 773.0
636.0 189.0
565.0 133.0
912.0 729.0
21.0 117.0
181.0 596.0
712.0 520.0
486.0 27.0
552.0 391.0
460.0 902.0
881.0 21.0
768.0 468.0
710.0 741.0
357.0 369.0
550.0 224.0
481.0 805.0
94.0 583.0
492.0 689.0
432.0 769.0
746.0 488.0
104.0 889.0
571.0 728.0
743.0 296.0
49.0 509.0
353.0 930.0
553.0 544.0
49.0 87.0
794.0 505.0
989.0 361.0
35.0 814.0
900.0 765.0
417.0 486.0
515.0 112.0
22.0 30.0
479.0 903.0
701.0 695.0
476.0 643.0
330.0 731.0
252.0 191.0
127.0 458.0
700.0 575.0
784.0 797.0
496.0 327.0
344.0 86.0
559.0 181.0
109.0 562.0
145.0 700.0
574.0 332.0
421.0 790.0
428.0 416.0
894.0 397.0
990.0 584.0
805.0 158.0
615.0 886.0
395.0 546.0
707.0 407.0
213.0 938.0
591.0 328.0
618.0 119.0
341.0 16.0
296.0 916.0
887.0 602.0
122.0 936.0
459.0 917.0
958.0 443.0
76.0 33.0
778.0 637.0
49.0 665.0
767.0 165.0
887.0 799.0
398.0 45.0
906.0 552.0
535.0 584.0
504.0 374.0
793.0 460.0
630.0 652.0
715.0 762.0
677.0 113.0
81.0 158.0
508.0 604.0
267.0 317.0
465.0 736.0
839.0 643.0
945.0 428.0
70.0 431.0
932.0 842.0
259.0 739.0
951.0 953.0
960.0 331.0
409.0 618.0
971.0 793.0
911.0 316.0
6.0 43.0
35.0 204.0
892.0 578.0
814.0 332.0
727.0 239.0
966.0 566.0
191.0 724.0
259.0 990.0
413.0 597.0
684.0 770.0
477.0 441.0
239.0 886.0
626.0 385.0
917.0 632.0
251.0 771.0
203.0 925.0
147.0 427.0
789.0 686.0
414.0 175.0
597.0 706.0
752.0 510.0
257.0 873.0
256.0 564.0
867.0 739.0
649.0 700.0
129.0 739.0
177.0 459.0
197.0 835.0
546.0 36.0
15.0 829.0
677.0 118.0
110.0 347.0
255.0 830.0
999.0 795.0
988.0 746.0
988.0 283.0
368.0 884.0
381.0 901.0
773.0 495.0
83.0 391.0
286.0 41.0
497.0 969.0
897.0 52.0
982.0 876.0
611.0 786.0
837.0 620.0
214.0 13.0
302.0 81.0
310.0 481.0
933.0 360.0
169.0 919.0
319.0 569.0
180.0 222.0