80
443.0 760.0
68.0 167.0
873.0 811.0
242.0 426.0
272.0 221.0
535.0 294.0
526.0 98.0
98.0 464.0
363.0 220.0
104.0 306.0
331.0 456.0
255.0 911.0
609.0 584.0
848.0 582.0
177.0 712.0
942.0 323.0
186.0 708.0
982.0 952.0
327.0 174.0
738.0 36.0
857.0 230.0
869.0 106.0
291.0 561.0
533.0 410.0
337.0 164.0
888.0 364.0
605.0 834.0
117.0 336.0
735.0 641.0
441.0 403.0
833.0 483.0
274.0 92.0
268.0 832.0
731.0 877.0
331.0 489.0
836.0 549.0
778.0 591.0
125.0 242.0
210.0 226.0
919.0 147.0
100.0 22.0
879.0 212.0
591.0 543.0
312.0 475.0
344.0 517.0
171.0 711.0
661.0 354.0
230.0 320.0
398.0 865.0
671.0 105.0
656.0 857.0
691.0 474.0
359.0 830.0
528.0 82.0
400.0 281.0
891.0 706.0
16.0 325.0
686.0 997.0
452.0 347.0
914.0 67.0
263.0 816.0
661.0 765.0
881.0 889.0
175.0 611.0
954.0 633.0
135.0 688.0
3.0 441.0
389.0 615.0
700.0 798.0
748.0 695.0
944.0 249.0
726.0 754.0
434.0 191.0
75.0 811.0
338.0 497.0
440.0 374.0
391.0 38.0
560.0 137.0
715.0 883.0
58.0 968.0