400
770.0 936.0
399.0 48.0
450.0 768.0
123.0 919.0
457.0 457.0
501.0 941.0
342.0 346.0
379.0 773.0
479.0 582.0
834.0 339.0
231.0 866.0
7.0 81.0
213.0 613.0
8.0 930.0
65.0 51.0
905.0 122.0
841.0 742.0
931.0 137.0
770.0 873.0
310.0 91.0
211.0 578.0
367.0 461.0
906.0 492.0
245.0 293.0
378.0 574.0
238.0 494.0
508.0 684.0
574.0 687.0
402.0 480.0
935.0 975.0
539.0 948.0
956.0 944.0
128.0 622.0
759.0 357.0
53.0 832.0
547.0 633.0
915.0 148.0
867.0 13.0
779.0 953.0
457.0 381.0
885.0 436.0
795.0 463.0
414.0 37.0
136.0 105.0
904.0 940.0
937.0 351.0
83.0 897.0
554.0 766.0
209.0 782.0
135.0 312.0
136.0 281.0
508.0 868.0
808.0 377.0
772.0 905.0
756.0 324.0
691.0 687.0
805.0 706.0
455.0 490.0
842.0 386.0
473.0 379.0
620.0 424.0
98.0 869.0
758.0 47.0
848.0 233.0
626.0 344.0
424.0 727.0
846.0 735.0
133.0 730.0
253.0 791.0
718.0 774.0
481.0 562.0
374.0 752.0
710.0 270.0
725.0 906.0
163.0 879.0
36.0 225.0
954.0 245.0
182.0 53.0
39.0 210.0
481.0 485.0
349.0 586.0
436.0 101.0
67.0 487.0
987.0 957.0
445.0 760.0
693.0 95.0
775.0 750.0
327.0 788.0
36.0 411.0
905.0 163.0
325.0 215.0
358.0 719.0
94.0 952.0
737.0 188.0
850.0 933.0
18.0 718.0
422.0 95.0
592.0 102.0
99.0 181.0
929.0 906.0
317.0 290.0
509.0 344.0
713.0 701.0
57.0 703.0
651.0 821.0
815.0 738.0
989.0 623.0
978.0 153.0
939.0 550.0
743.0 109.0
851.0 981.0
639.0 360.0
691.0 203.0
97.0 911.0
435.0 836.0
940.0 254.0
705.0 480.0
82.0 814.0
339.0 875.0
960.0 301.0
494.0 88.0
915.0 322.0
157.0 675.0
436.0 571.0
78.0 241.0
108.0 325.0
975.0 790.0
987.0 575.0
270.0 867.0
513.0 356.0
998.0 721.0
791.0 11.0
180.0 663.0
656.0 260.0
777.0 315.0
994.0 890.0
819.0 433.0
993.0 943.0
259.0 862.0
322.0 8.0
875.0 55.0
708.0 639.0
977.0 219.0
250.0 255.0
828.0 297.0
893.0 423.0
984.0 503.0
335.0 606.0
148.0 89.0
947.0 727.0
624.0 130.0
248.0 361.0
187.0 978.0
876.0 558.0
427.0 997.0
309.0 470.0
86.0 411.0
867.0 527.0
421.0 577.0
801.0 467.0
665.0 635.0
546.0 735.0
165.0 364.0
640.0 811.0
899.0 940.0
991.0 978.0
443.0 524.0
1.0 920.0
37.0 217.0
546.0 683.0
815.0 35.0
796.0 719.0
403.0 201.0
437.0 186.0
440.0 811.0
236.0 153.0
713.0 300.0
578.0 501.0
906.0 682.0
333.0 30.0
934.0 122.0
96.0 218.0
542.0 725.0
198.0 745.0
516.0 305.0
622.0 792.0
533.0 781.0
112.0 473.0
413.0 350.0
430.0 91.0
333.0 287.0
102.0 627.0
983.0 568.0
619.0 463.0
290.0 37.0
851.0 955.0
945.0 449.0
611.0 530.0
37.0 520.0
830.0 546.0
643.0 366.0
69.0 60.0
905.0 887.0
560.0 94.0
305.0 828.0
434.0 599.0
72.0 414.0
435.0 519.0
120.0 419.0
256.0 888.0
441.0 434.0
485.0 653.0
711.0 308.0
146.0 678.0
125.0 577.0
955.0 341.0
527.0 516.0
289.0 968.0
989.0 269.0
390.0 283.0
875.0 617.0
230.0 281.0
165.0 351.0
40.0 31.0
864.0 777.0
764.0 253.0
180.0 429.0
743.0 842.0
550.0 951.0
802.0 555.0
529.0 78.0
169.0 655.0
364.0 840.0
71.0 450.0
143.0 2.0
830.0 100.0
519.0 303.0
652.0 5.0
313.0 844.0
281.0 288.0
619.0 910.0
909.0 57.0
518.0 353.0
566.0 996.0
304.0 335.0
255.0 116.0
637.0 241.0
125.0 68.0
494.0 252.0
867.0 69.0
426.0 563.0
413.0 37.0
808.0 796.0
953.0 936.0
535.0 18.0
337.0 542.0
877.0 223.0
861.0 545.0
619.0 924.0
38.0 833.0
905.0 982.0
14.0 781.0
502.0 406.0
962.0 584.0
592.0 854.0
401.0 854.0
866.0 731.0
414.0 650.0
476.0 211.0
297.0 630.0
627.0 28.0
957.0 517.0
449.0 615.0
362.0 208.0
231.0 647.0
658.0 387.0
535.0 530.0
609.0 619.0
895.0 603.0
149.0 119.0
751.0 521.0
541.0 696.0
108.0 135.0
878.0 959.0
37.0 225.0
921.0 161.0
146.0 936.0
968.0 673.0
908.0 178.0
239.0 786.0
247.0 617.0
871.0 55.0
629.0 870.0
13.0 530.0
932.0 538.0
994.0 637.0
327.0 393.0
628.0 696.0
267.0 35.0
345.0 463.0
231.0 304.0
259.0 647.0
127.0 575.0
359.0 902.0
778.0 52.0
928.0 700.0
14.0 564.0
800.0 937.0
446.0 454.0
215.0 788.0
682.0 799.0
44.0 518.0
396.0 786.0
824.0 905.0
171.0 762.0
754.0 448.0
344.0 462.0
557.0 628.0
518.0 408.0
397.0 143.0
879.0 545.0
944.0 441.0
777.0 429.0
426.0 845.0
303.0 606.0
385.0 368.0
707.0 760.0
679.0 221.0
738.0 872.0
278.0 943.0
920.0 513.0
54.0 28.0
98.0 717.0
385.0 67.0
163.0 661.0
559.0 786.0
350.0 781.0
245.0 286.0
234.0 303.0
193.0 911.0
123.0 50.0
673.0 79.0
357.0 927.0
889.0 480.0
892.0 263.0
250.0 199.0
663.0 260.0
448.0 193.0
971.0 547.0
884.0 568.0
35.0 803.0
792.0 225.0
196.0 669.0
818.0 262.0
863.0 591.0
535.0 211.0
600.0 983.0
345.0 439.0
396.0 776.0
827.0 193.0
223.0 476.0
457.0 196.0
747.0 903.0
884.0 937.0
836.0 395.0
731.0 224.0
833.0 13.0
997.0 322.0
917.0 972.0
699.0 605.0
891.0 729.0
843.0 933.0
912.0 119.0
743.0 708.0
210.0 776.0
211.0 94.0
759.0 242.0
509.0 955.0
848.0 541.0
536.0 209.0
148.0 705.0
120.0 662.0
609.0 872.0
378.0 71.0
533.0 421.0
996.0 656.0
795.0 640.0
967.0 265.0
408.0 640.0
285.0 648.0
941.0 611.0
957.0 169.0
800.0 701.0
908.0 223.0
363.0 634.0
925.0 373.0
518.0 482.0
425.0 22.0
983.0 920.0
178.0 597.0