234
778.0 116.0
753.0 33.0
143.0 865.0
389.0 465.0
831.0 781.0
580.0 284.0
431.0 227.0
42.0 15.0
827.0 519.0
123.0 378.0
414.0 46.0
443.0 669.0
365.0 181.0
146.0 411.0
63.0 213.0
803.0 796.0
691.0 899.0
418.0 596.0
510.0 966.0
521.0 569.0
200.0 90.0
981.0 194.0
129.0 425.0
761.0 522.0
789.0 721.0
247.0 276.0
681.0 137.0
278.0 529.0
968.0 348.0
917.0 36.0
439.0 600.0
810.0 943.0
962.0 401.0
191.0 118.0
401.0 303.0
817.0 409.0
970.0 22.0
407.0 600.0
524.0 35.0
12.0 406.0
349.0 900.0
968.0 432.0
321.0 352.0
217.0 527.0
767.0 654.0
146.0 233.0
570.0 730.0
877.0 13.0
753.0 906.0
514.0 837.0
603.0 414.0
812.0 326.0
179.0 950.0
660.0 387.0
251.0 118.0
853.0 496.0
40.0 108.0
379.0 682.0
634.0 489.0
720.0 548.0
110.0 870.0
948.0 892.0
362.0 406.0
753.0 532.0
245.0 129.0
561.0 668.0
16.0 682.0
988.0 156.0
589.0 950.0
777.0 527.0
842.0 652.0
568.0 372.0
370.0 620.0
122.0 950.0
881.0 544.0
302.0 875.0
449.0 439.0
146.0 26.0
158.0 176.0
393.0 525.0
842.0 484.0
270.0 398.0
893.0 140.0
926.0 350.0
805.0 753.0
475.0 529.0
886.0 147.0
675.0 125.0
935.0 105.0
851.0 96.0
305.0 447.0
945.0 489.0
756.0 782.0
997.0 15.0
703.0 885.0
811.0 535.0
44.0 957.0
839.0 1.0
926.0 298.0
237.0 129.0
456.0 29.0
861.0 531.0
411.0 590.0
832.0 663.0
699.0 799.0
265.0 853.0
566.0 68.0
666.0 698.0
51.0 879.0
170.0 880.0
355.0 944.0
792.0 187.0
118.0 745.0
367.0 240.0
470.0 663.0
894.0 712.0
568.0 500.0
403.0 562.0
460.0 442.0
59.0 903.0
801.0 866.0
168.0 743.0
37.0 482.0
464.0 609.0
665.0 973.0
174.0 215.0
606.0 37.0
79.0 944.0
510.0 387.0
899.0 119.0
969.0 31.0
53.0 584.0
18.0 859.0
697.0 259.0
149.0 729.0
802.0 449.0
255.0 302.0
365.0 91.0
634.0 918.0
429.0 403.0
804.0 150.0
723.0 210.0
819.0 360.0
706.0 872.0
863.0 65.0
677.0 553.0
107.0 783.0
326.0 429.0
874.0 110.0
11.0 632.0
898.0 553.0
183.0 344.0
280.0 838.0
554.0 182.0
624.0 26.0
510.0 739.0
894.0 252.0
463.0 563.0
774.0 422.0
102.0 295.0
948.0 341.0
443.0 828.0
865.0 290.0
972.0 857.0
459.0 408.0
926.0 655.0
88.0 622.0
574.0 129.0
879.0 391.0
309.0 394.0
563.0 716.0
638.0 501.0
52.0 748.0
677.0 952.0
420.0 194.0
702.0 658.0
227.0 588.0
239.0 51.0
711.0 684.0
819.0 403.0
259.0 927.0
580.0 650.0
131.0 898.0
948.0 23.0
649.0 693.0
48.0 732.0
264.0 776.0
794.0 311.0
707.0 754.0
297.0 987.0
544.0 120.0
783.0 668.0
774.0 930.0
967.0 434.0
288.0 625.0
753.0 413.0
541.0 325.0
243.0 391.0
669.0 651.0
949.0 895.0
587.0 228.0
801.0 849.0
594.0 592.0
958.0 34.0
557.0 1.0
960.0 18.0
894.0 69.0
589.0 418.0
10.0 274.0
94.0 349.0
832.0 598.0
648.0 395.0
636.0 783.0
726.0 648.0
253.0 892.0
637.0 820.0
71.0 407.0
443.0 643.0
141.0 18.0
773.0 348.0
991.0 854.0
708.0 239.0
867.0 603.0
139.0 728.0
515.0 442.0
168.0 152.0
899.0 798.0
156.0 970.0
126.0 752.0
361.0 563.0
780.0 754.0
711.0 371.0
794.0 347.0
763.0 824.0