299
286.0 810.0
176.0 71.0
212.0 849.0
403.0 236.0
522.0 26.0
533.0 384.0
655.0 565.0
941.0 152.0
810.0 800.0
230.0 302.0
209.0 542.0
615.0 253.0
475.0 125.0
623.0 153.0
475.0 661.0
515.0 779.0
217.0 244.0
662.0 978.0
783.0 615.0
404.0 398.0
757.0 11.0
770.0 541.0
889.0 986.0
477.0 960.0
910.0 689.0
365.0 40.0
632.0 61.0
230.0 146.0
530.0 637.0
724.0 154.0
612.0 747.0
712.0 507.0
452.0 485.0
51.0 108.0
207.0 720.0
309.0 455.0
460.0 644.0
235.0 315.0
654.0 858.0
587.0 297.0
557.0 945.0
221.0 555.0
799.0 40.0
583.0 992.0
167.0 783.0
253.0 709.0
914.0 646.0
484.0 749.0
539.0 23.0
322.0 705.0
546.0 247.0
963.0 419.0
789.0 847.0
10.0 388.0
747.0 521.0
610.0 950.0
937.0 430.0
696.0 323.0
499.0 444.0
696.0 244.0
248.0 709.0
880.0 126.0
650.0 938.0
372.0 726.0
465.0 686.0
367.0 797.0
420.0 280.0
466.0 527.0
643.0 233.0
581.0 302.0
643.0 371.0
168.0 459.0
839.0 2.0
636.0 172.0
671.0 212.0
42.0 809.0
776.0 363.0
255.0 273.0
72.0 284.0
548.0 201.0
148.0 760.0
766.0 908.0
751.0 296.0
414.0 855.0
297.0 973.0
526.0 91.0
507.0 453.0
934.0 389.0
634.0 122.0
491.0 106.0
896.0 316.0
236.0 636.0
778.0 855.0
176.0 474.0
326.0 55.0
679.0 387.0
598.0 391.0
211.0 970.0
194.0 338.0
298.0 382.0
237.0 585.0
611.0 417.0
806.0 162.0
171.0 560.0
40.0 57.0
787.0 761.0
568.0 865.0
128.0 304.0
908.0 539.0
878.0 661.0
243.0 399.0
682.0 87.0
260.0 705.0
866.0 316.0
182.0 914.0
75.0 160.0
729.0 519.0
384.0 914.0
488.0 663.0
569.0 727.0
124.0 877.0
767.0 502.0
694.0 837.0
770.0 282.0
88.0 572.0
982.0 46.0
104.0 577.0
832.0 946.0
858.0 607.0
248.0 684.0
25.0 676.0
485.0 282.0
10.0 92.0
631.0 276.0
286.0 302.0
837.0 871.0
218.0 768.0
323.0 683.0
436.0 927.0
24.0 541.0
107.0 598.0
514.0 697.0
299.0 967.0
638.0 768.0
876.0 8.0
224.0 663.0
495.0 581.0
947.0 728.0
916.0 148.0
125.0 849.0
339.0 261.0
562.0 395.0
949.0 607.0
404.0 77.0
270.0 8.0
724.0 134.0
681.0 269.0
287.0 746.0
847.0 999.0
72.0 52.0
198.0 375.0
830.0 977.0
227.0 720.0
746.0 589.0
716.0 706.0
279.0 431.0
963.0 383.0
150.0 415.0
770.0 910.0
924.0 536.0
432.0 309.0
923.0 73.0
222.0 884.0
650.0 981.0
505.0 45.0
985.0 546.0
324.0 239.0
966.0 967.0
329.0 929.0
661.0 822.0
499.0 179.0
608.0 113.0
963.0 129.0
514.0 73.0
142.0 625.0
529.0 393.0
615.0 859.0
24.0 449.0
486.0 48.0
886.0 702.0
804.0 403.0
463.0 71.0
746.0 325.0
556.0 379.0
614.0 997.0
721.0 854.0
608.0 740.0
883.0 378.0
439.0 45.0
149.0 634.0
787.0 251.0
374.0 394.0
255.0 390.0
8.0 466.0
517.0 37.0
215.0 626.0
261.0 383.0
299.0 711.0
308.0 397.0
588.0 130.0
517.0 310.0
402.0 946.0
22.0 142.0
503.0 256.0
730.0 729.0
817.0 865.0
382.0 618.0
759.0 505.0
530.0 168.0
366.0 289.0
63.0 55.0
105.0 219.0
631.0 932.0
12.0 757.0
77.0 970.0
267.0 841.0
402.0 627.0
820.0 589.0
249.0 464.0
245.0 70.0
448.0 713.0
43.0 479.0
187.0 224.0
672.0 168.0
438.0 231.0
888.0 802.0
807.0 442.0
408.0 846.0
574.0 719.0
380.0 597.0
331.0 842.0
988.0 690.0
258.0 37.0
90.0 364.0
716.0 885.0
250.0 192.0
813.0 655.0
454.0 387.0
238.0 889.0
349.0 268.0
151.0 302.0
928.0 720.0
611.0 953.0
161.0 768.0
959.0 595.0
464.0 596.0
624.0 679.0
187.0 235.0
16.0 370.0
440.0 242.0
901.0 32.0
979.0 450.0
318.0 889.0
47.0 143.0
595.0 675.0
931.0 666.0
928.0 297.0
402.0 80.0
213.0 809.0
630.0 523.0
445.0 28.0
267.0 862.0
569.0 950.0
68.0 358.0
969.0 237.0
364.0 884.0
830.0 838.0
90.0 128.0
991.0 434.0
418.0 359.0
558.0 752.0
76.0 372.0
965.0 981.0
452.0 21.0
707.0 926.0
365.0 4.0
597.0 510.0
706.0 6.0
234.0 378.0
979.0 537.0
808.0 178.0
536.0 494.0
565.0 843.0
365.0 437.0
803.0 663.0
322.0 216.0
362.0 309.0
310.0 840.0
19.0 853.0