120
840.0 263.0
236.0 684.0
249.0 288.0
34.0 933.0
38.0 620.0
571.0 314.0
875.0 369.0
877.0 468.0
130.0 360.0
850.0 672.0
708.0 375.0
153.0 383.0
560.0 343.0
616.0 465.0
122.0 325.0
549.0 377.0
877.0 288.0
676.0 389.0
667.0 406.0
107.0 204.0
32.0 786.0
113.0 52.0
71.0 950.0
221.0 351.0
556.0 713.0
170.0 377.0
385.0 309.0
344.0 673.0
92.0 479.0
262.0 145.0
133.0 548.0
451.0 204.0
526.0 605.0
533.0 772.0
131.0 807.0
192.0 948.0
744.0 185.0
520.0 576.0
594.0 499.0
466.0 712.0
102.0 551.0
388.0 795.0
141.0 751.0
509.0 349.0
769.0 67.0
791.0 711.0
329.0 308.0
89.0 480.0
824.0 114.0
553.0 357.0
540.0 439.0
119.0 818.0
715.0 70.0
556.0 621.0
15.0 499.0
153.0 363.0
618.0 433.0
564.0 105.0
317.0 250.0
590.0 153.0
642.0 294.0
952.0 591.0
785.0 163.0
755.0 119.0
991.0 308.0
366.0 110.0
739.0 642.0
922.0 241.0
811.0 220.0
842.0 477.0
483.0 508.0
590.0 508.0
517.0 760.0
487.0 528.0
500.0 714.0
757.0 864.0
882.0 348.0
131.0 653.0
178.0 371.0
252.0 103.0
912.0 391.0
407.0 137.0
316.0 868.0
518.0 845.0
605.0 464.0
533.0 957.0
738.0 937.0
821.0 743.0
76.0 186.0
440.0 724.0
967.0 226.0
191.0 982.0
127.0 82.0
510.0 380.0
287.0 361.0
217.0 67.0
181.0 238.0
705.0 586.0
770.0 760.0
279.0 194.0
677.0 709.0
33.0 360.0
783.0 829.0
66.0 577.0
513.0 987.0
643.0 1.0
793.0 840.0
303.0 911.0
476.0 227.0
141.0 969.0
165.0 561.0
710.0 271.0
564.0 245.0
7.0 150.0
281.0 460.0
952.0 180.0
472.0 863.0
378.0 499.0
727.0 494.0
792.0 237.0