399
306.0 277.0
868.0 297.0
7.0 224.0
559.0 559.0
458.0 391.0
256.0 784.0
689.0 826.0
728.0 282.0
612.0 815.0
188.0 132.0
414.0 20.0
172.0 434.0
41.0 285.0
376.0 19.0
958.0 990.0
833.0 644.0
462.0 283.0
721.0 349.0
152.0 819.0
768.0 576.0
559.0 746.0
124.0 115.0
575.0 285.0
412.0 163.0
861.0 249.0
673.0 448.0
176.0 196.0
185.0 400.0
799.0 469.0
482.0 443.0
575.0 384.0
464.0 646.0
873.0 953.0
171.0 995.0
167.0 786.0
200.0 173.0
57.0 976.0
297.0 969.0
761.0 591.0
700.0 128.0
374.0 125.0
981.0 433.0
313.0 988.0
49.0 675.0
690.0 793.0
184.0 848.0
213.0 290.0
326.0 693.0
287.0 573.0
22.0 519.0
175.0 779.0
531.0 31.0
195.0 803.0
445.0 622.0
792.0 810.0
356.0 587.0
245.0 705.0
556.0 601.0
549.0 159.0
470.0 926.0
279.0 605.0
974.0 518.0
204.0 760.0
550.0 159.0
252.0 481.0
751.0 284.0
653.0 809.0
822.0 885.0
353.0 448.0
779.0 102.0
858.0 804.0
474.0 587.0
653.0 663.0
371.0 885.0
313.0 561.0
844.0 22.0
106.0 36.0
273.0 169.0
982.0 463.0
653.0 461.0
195.0 906.0
184.0 336.0
75.0 64.0
157.0 680.0
502.0 355.0
903.0 317.0
387.0 265.0
87.0 978.0
242.0 171.0
301.0 290.0
912.0 327.0
664.0 111.0
967.0 59.0
27.0 797.0
745.0 826.0
679.0 598.0
562.0 396.0
559.0 622.0
792.0 101.0
988.0 87.0
168.0 567.0
261.0 191.0
869.0 715.0
74.0 812.0
535.0 547.0
13.0 194.0
622.0 531.0
374.0 964.0
498.0 398.0
330.0 574.0
705.0 165.0
719.0 795.0
11.0 842.0
279.0 426.0
478.0 547.0
22.0 243.0
561.0 266.0
569.0 536.0
535.0 464.0
389.0 775.0
18.0 289.0
9.0 667.0
256.0 27.0
90.0 873.0
183.0 625.0
481.0 433.0
177.0 749.0
98.0 123.0
436.0 345.0
404.0 664.0
225.0 534.0
984.0 795.0
574.0 190.0
72.0 580.0
594.0 867.0
69.0 12.0
901.0 155.0
708.0 312.0
290.0 171.0
399.0 812.0
145.0 592.0
308.0 712.0
197.0 68.0
452.0 224.0
335.0 430.0
730.0 205.0
749.0 402.0
621.0 689.0
875.0 520.0
852.0 175.0
636.0 25.0
910.0 825.0
557.0 747.0
747.0 588.0
190.0 309.0
82.0 974.0
14.0 46.0
567.0 312.0
98.0 233.0
952.0 430.0
9.0 802.0
173.0 531.0
935.0 76.0
306.0 625.0
820.0 459.0
139.0 662.0
593.0 660.0
795.0 290.0
286.0 901.0
672.0 965.0
754.0 95.0
630.0 757.0
440.0 104.0
78.0 261.0
315.0 917.0
187.0 282.0
166.0 892.0
818.0 543.0
963.0 63.0
275.0 960.0
45.0 461.0
256.0 283.0
795.0 970.0
185.0 738.0
748.0 703.0
793.0 893.0
306.0 684.0
856.0 61.0
581.0 274.0
126.0 380.0
565.0 493.0
889.0 663.0
586.0 855.0
83.0 813.0
547.0 720.0
884.0 625.0
522.0 264.0
623.0 923.0
481.0 359.0
475.0 990.0
899.0 771.0
776.0 210.0
313.0 225.0
4.0 377.0
63.0 912.0
226.0 471.0
955.0 902.0
261.0 234.0
905.0 302.0
910.0 345.0
230.0 897.0
448.0 617.0
831.0 817.0
700.0 27.0
100.0 549.0
814.0 273.0
199.0 942.0
755.0 119.0
627.0 713.0
246.0 798.0
139.0 525.0
749.0 739.0
593.0 924.0
100.0 999.0
807.0 390.0
190.0 423.0
477.0 152.0
28.0 964.0
415.0 12.0
572.0 373.0
250.0 770.0
30.0 8.0
716.0 868.0
885.0 544.0
733.0 712.0
625.0 215.0
678.0 750.0
989.0 661.0
300.0 729.0
274.0 705.0
40.0 739.0
495.0 740.0
430.0 984.0
219.0 37.0
240.0 468.0
401.0 278.0
463.0 777.0
775.0 518.0
390.0 65.0
651.0 712.0
618.0 330.0
737.0 441.0
818.0 527.0
414.0 855.0
167.0 483.0
698.0 788.0
431.0 656.0
294.0 426.0
757.0 342.0
650.0 457.0
781.0 207.0
137.0 875.0
446.0 190.0
668.0 16.0
728.0 768.0
679.0 869.0
599.0 540.0
564.0 112.0
932.0 4.0
954.0 230.0
406.0 221.0
209.0 742.0
378.0 898.0
941.0 70.0
316.0 156.0
133.0 283.0
177.0 591.0
423.0 646.0
243.0 726.0
474.0 865.0
424.0 351.0
247.0 810.0
639.0 144.0
740.0 326.0
543.0 992.0
966.0 71.0
566.0 243.0
283.0 24.0
443.0 382.0
386.0 709.0
66.0 88.0
927.0 615.0
313.0 697.0
295.0 101.0
251.0 444.0
516.0 598.0
104.0 544.0
461.0 195.0
398.0 813.0
574.0 554.0
849.0 449.0
687.0 340.0
811.0 970.0
115.0 216.0
968.0 373.0
295.0 377.0
880.0 710.0
197.0 370.0
705.0 657.0
381.0 938.0
449.0 132.0
775.0 547.0
5.0 999.0
911.0 36.0
833.0 756.0
93.0 86.0
661.0 689.0
768.0 395.0
848.0 309.0
494.0 546.0
547.0 750.0
786.0 288.0
972.0 840.0
691.0 352.0
22.0 130.0
293.0 579.0
489.0 411.0
335.0 243.0
316.0 698.0
104.0 369.0
635.0 235.0
62.0 646.0
134.0 965.0
901.0 95.0
697.0 952.0
160.0 361.0
281.0 28.0
574.0 156.0
522.0 676.0
204.0 372.0
818.0 345.0
764.0 667.0
240.0 972.0
639.0 546.0
255.0 411.0
780.0 46.0
113.0 765.0
861.0 311.0
626.0 144.0
114.0 787.0
754.0 127.0
644.0 386.0
854.0 698.0
248.0 802.0
844.0 717.0
325.0 259.0
33.0 379.0
844.0 877.0
650.0 243.0
380.0 5.0
771.0 16.0
143.0 951.0
558.0 334.0
333.0 525.0
91.0 512.0
211.0 989.0
920.0 167.0
727.0 104.0
478.0 157.0
738.0 959.0
241.0 896.0
258.0 209.0
873.0 777.0
867.0 279.0
361.0 188.0
970.0 16.0
324.0 786.0
190.0 504.0
519.0 970.0
259.0 779.0
150.0 783.0
644.0 176.0
911.0 939.0
612.0 800.0
853.0 473.0
378.0 406.0
618.0 95.0
575.0 728.0
853.0 762.0
100.0 827.0
947.0 364.0
644.0 86.0
821.0 912.0
436.0 181.0
390.0 598.0
387.0 93.0
808.0 314.0
474.0 31.0
466.0 263.0