185
150.0 879.0
974.0 307.0
492.0 769.0
690.0 441.0
764.0 825.0
964.0 93.0
600.0 285.0
50.0 754.0
147.0 543.0
675.0 809.0
979.0 356.0
208.0 615.0
191.0 36.0
951.0 523.0
575.0 629.0
510.0 853.0
135.0 522.0
681.0 82.0
255.0 481.0
663.0 180.0
658.0 218.0
471.0 767.0
921.0 964.0
571.0 230.0
52.0 282.0
806.0 411.0
644.0 306.0
223.0 789.0
447.0 149.0
754.0 604.0
225.0 778.0
887.0 944.0
308.0 166.0
410.0 751.0
348.0 622.0
102.0 382.0
594.0 989.0
134.0 727.0
362.0 592.0
154.0 376.0
587.0 423.0
186.0 204.0
962.0 134.0
106.0 979.0
27.0 602.0
266.0 149.0
94.0 207.0
817.0 171.0
874.0 13.0
366.0 686.0
409.0 764.0
34.0 521.0
935.0 396.0
829.0 153.0
407.0 287.0
763.0 358.0
948.0 930.0
811.0 289.0
553.0 854.0
516.0 925.0
319.0 461.0
524.0 106.0
65.0 784.0
679.0 916.0
132.0 262.0
112.0 434.0
928.0 838.0
47.0 955.0
549.0 925.0
775.0 491.0
60.0 451.0
635.0 554.0
356.0 272.0
404.0 734.0
262.0 860.0
505.0 551.0
701.0 364.0
916.0 208.0
341.0 697.0
653.0 30.0
943.0 482.0
406.0 312.0
902.0 401.0
609.0 502.0
897.0 139.0
753.0 678.0
373.0 745.0
396.0 58.0
318.0 900.0
538.0 30.0
491.0 526.0
910.0 461.0
963.0 659.0
429.0 491.0
951.0 717.0
967.0 92.0
662.0 527.0
217.0 67.0
7.0 601.0
461.0 128.0
518.0 387.0
959.0 193.0
206.0 101.0
372.0 257.0
167.0 146.0
673.0 421.0
445.0 365.0
429.0 315.0
733.0 308.0
581.0 86.0
28.0 313.0
818.0 652.0
797.0 240.0
664.0 848.0
239.0 818.0
13.0 59.0
225.0 655.0
748.0 918.0
491.0 387.0
454.0 314.0
874.0 207.0
421.0 616.0
687.0 888.0
868.0 797.0
174.0 917.0
901.0 445.0
166.0 82.0
192.0 641.0
193.0 801.0
477.0 187.0
561.0 472.0
767.0 5.0
101.0 573.0
149.0 361.0
247.0 470.0
750.0 147.0
772.0 542.0
801.0 963.0
31.0 538.0
174.0 127.0
50.0 401.0
107.0 949.0
970.0 729.0
551.0 718.0
989.0 359.0
85.0 694.0
963.0 854.0
142.0 992.0
854.0 857.0
206.0 519.0
768.0 579.0
41.0 295.0
736.0 715.0
481.0 545.0
336.0 798.0
231.0 389.0
517.0 428.0
771.0 482.0
788.0 845.0
170.0 73.0
590.0 812.0
884.0 664.0
744.0 313.0
678.0 658.0
273.0 253.0
314.0 323.0
184.0 822.0
473.0 938.0
274.0 3.0
955.0 319.0
157.0 801.0
155.0 107.0
61.0 859.0
673.0 559.0
408.0 456.0
341.0 629.0
519.0 127.0
413.0 787.0
451.0 37.0
947.0 382.0
682.0 231.0
278.0 738.0
741.0 651.0
660.0 807.0
839.0 440.0